SIMGD6824H,GD,0.0100,0.1722,0.8178
SIMGD6825H,GD,0.0100,0.1658,0.8242
SIMGD6826H,GD,0.0040,0.1720,0.8240
SIMGD6827H,GD,0.0020,0.2002,0.7978
SIMGD6828H,GD,0.0060,0.1620,0.8320
SIMGD6829H,GD,0.0030,0.1700,0.8270
SIMGD6831H,GD,0.2008,0.0040,0.7952
SIMGD6833H,GD,0.0230,0.1090,0.8680
SIMGD6840H,GD,0.0160,0.1440,0.8400
SIMGD6841H,GD,0.0080,0.1728,0.8192
SIMGD6844H,GD,0.0070,0.1161,0.8769
SIMGD6846H,GD,0.0020,0.1460,0.8520
SIMGD6847H,GD,0.0350,0.1800,0.7850
SIMGD6848H,GD,0.0050,0.1239,0.8711
SIMGD6851H,GD,0.0100,0.2200,0.7700
SIMGS6764H,GS,0.0050,0.1842,0.8108
SIMGS6765H,GS,0.0070,0.1540,0.8390
SIMGS6767H,GS,0.0590,0.1160,0.8250
SIMGS6768H,GS,0.0090,0.1341,0.8569
SIMGS6769H,GS,0.0430,0.1510,0.8060
SIMGS6771H,GS,0.0140,0.1490,0.8370
SIMGS6773H,GS,0.0200,0.1700,0.8100
SIMGS6775H,GS,0.0030,0.1600,0.8370
SIMGS6776H,GS,0.0240,0.1400,0.8360
SIMGS6778H,GS,0.0980,0.0530,0.8490
SIMGS6780H,GS,0.0060,0.1690,0.8250
SIMGS6784H,GS,0.0030,0.1830,0.8140
SIMGS6785H,GS,0.0110,0.1620,0.8270
SIMGS6788H,GS,0.0120,0.1291,0.8589
SIMGS6789H,GS,0.0040,0.1750,0.8210
SIMGS6790H,GS,0.0500,0.1270,0.8230
SIMJD6884H,JD,0.0100,0.1808,0.8092
SIMJD6886H,JD,0.0030,0.1630,0.8340
SIMJD6887H,JD,0.0110,0.1431,0.8458
SIMJD6888H,JD,0.0110,0.1620,0.8270
SIMJD6894H,JD,0.0080,0.1590,0.8330
SIMJD6895H,JD,0.1910,0.0030,0.8060
SIMJD6896H,JD,0.0040,0.1750,0.8210
SIMJD6897H,JD,0.0190,0.1800,0.8010
SIMJD6898H,JD,0.0080,0.1309,0.8611
SIMJD6899H,JD,0.0360,0.1360,0.8280
SIMJD6905H,JD,0.0250,0.1300,0.8450
SIMJD6906H,JD,0.0680,0.1070,0.8250
SIMJD6907H,JD,0.0560,0.1160,0.8280
SIMJD6908H,JD,0.0130,0.1638,0.8232
SIMJD6913H,JD,0.1930,0.0080,0.7990
SIMJS6704H,JS,0.0140,0.1630,0.8230
SIMJS6706H,JS,0.0040,0.1530,0.8430
SIMJS6707H,JS,0.0070,0.1900,0.8030
SIMJS6709H,JS,0.0100,0.1491,0.8408
SIMJS6711H,JS,0.0030,0.1820,0.8150
SIMJS6713H,JS,0.0120,0.1790,0.8090
SIMJS6715H,JS,0.2350,0.0020,0.7630
SIMJS6716H,JS,0.0170,0.1710,0.8120
SIMJS6717H,JS,0.0230,0.1360,0.8410
SIMJS6718H,JS,0.0100,0.1658,0.8242
SIMJS6725H,JS,0.2360,0.0040,0.7600
SIMJS6726H,JS,0.0020,0.1670,0.8310
SIMJS6727H,JS,0.0110,0.1628,0.8262
SIMJS6728H,JS,0.0180,0.1880,0.7940
SIMPD7015H,PD,0.0060,0.1320,0.8620
SIMPD7016H,PD,0.0040,0.1500,0.8460
SIMPD7018H,PD,0.0140,0.1290,0.8570
SIMPD7019H,PD,0.0090,0.1512,0.8398
SIMPD7021H,PD,0.0030,0.1640,0.8330
SIMPD7022H,PD,0.0430,0.1280,0.8290
SIMPD7023H,PD,0.0050,0.1672,0.8278
SIMPD7024H,PD,0.0230,0.1790,0.7980
SIMPD7025H,PD,0.0080,0.1300,0.8620
SIMPD7027H,PD,0.0030,0.1461,0.8509
SIMPD7035H,PD,0.0240,0.1320,0.8440
SIMPD7036H,PD,0.0160,0.1662,0.8178
SIMPD7037H,PD,0.0730,0.1190,0.8080
SIMPD7040H,PD,0.0040,0.1340,0.8620
SIMPD7041H,PD,0.0240,0.1770,0.7990
SIMPS6633H,PS,0.0060,0.1800,0.8140
SIMPS6634H,PS,0.0040,0.1590,0.8370
SIMPS6635H,PS,0.0120,0.1810,0.8070
SIMPS6638H,PS,0.0040,0.1600,0.8360
SIMPS6639H,PS,0.0030,0.1790,0.8180
SIMPS6641H,PS,0.0040,0.1902,0.8058
SIMPS6642H,PS,0.0080,0.1640,0.8280
SIMPS6643H,PS,0.0700,0.1510,0.7790
SIMPS6644H,PS,0.0210,0.1390,0.8400
SIMPS6645H,PS,0.0040,0.1580,0.8380
SIMPS6646H,PS,0.1000,0.0570,0.8430
SIMPS6652H,PS,0.0070,0.1790,0.8140
SIMPS6654H,PS,0.0180,0.1230,0.8590
SIMPS6657H,PS,0.0030,0.1552,0.8418
SIMPS6658H,PS,0.0090,0.1370,0.8540
SIMPS6661H,PS,0.0030,0.1512,0.8458
SIMWD6945H,WD,0.0040,0.1640,0.8320
SIMWD6947H,WD,0.0260,0.1540,0.8200
SIMWD6948H,WD,0.1480,0.0200,0.8320
SIMWD6954H,WD,0.0030,0.1720,0.8250
SIMWD6955H,WD,0.0200,0.1240,0.8560
SIMWD6956H,WD,0.0700,0.0950,0.8350
SIMWD6957H,WD,0.0050,0.1880,0.8070
SIMWD6958H,WD,0.0440,0.1301,0.8258
SIMWD6959H,WD,0.0500,0.1390,0.8110
SIMWD6962H,WD,0.0150,0.1260,0.8590
SIMWD6967H,WD,0.0040,0.1411,0.8549
SIMWD6968H,WD,0.0190,0.1400,0.8410
SIMWD6969H,WD,0.0030,0.1500,0.8470
SIMWD6972H,WD,0.0060,0.1660,0.8280
