SIMGD6824H,GD,0.1612,0.5564,0.0167,0.2657
SIMGD6825H,GD,0.2296,0.7023,0.0354,0.0327
SIMGD6826H,GD,0.1692,0.7169,0.0261,0.0878
SIMGD6827H,GD,0.2127,0.7127,0.0204,0.0541
SIMGD6828H,GD,0.1140,0.7492,0.0318,0.1051
SIMGD6829H,GD,0.3061,0.5958,0.0409,0.0572
SIMGD6831H,GD,0.0492,0.5958,0.3175,0.0375
SIMGD6833H,GD,0.1751,0.6511,0.0226,0.1512
SIMGD6840H,GD,0.1124,0.8044,0.0286,0.0546
SIMGD6841H,GD,0.1955,0.6171,0.0267,0.1607
SIMGD6844H,GD,0.1631,0.7800,0.0206,0.0362
SIMGD6846H,GD,0.1622,0.6008,0.0668,0.1702
SIMGD6847H,GD,0.2213,0.6875,0.0390,0.0522
SIMGD6848H,GD,0.2089,0.7282,0.0399,0.0229
SIMGD6851H,GD,0.1777,0.5689,0.0309,0.2225
SIMGS6764H,GS,0.1234,0.7474,0.0311,0.0980
SIMGS6765H,GS,0.1647,0.6717,0.0259,0.1377
SIMGS6767H,GS,0.1218,0.7891,0.0382,0.0509
SIMGS6768H,GS,0.2936,0.6371,0.0325,0.0368
SIMGS6769H,GS,0.1667,0.6496,0.0240,0.1596
SIMGS6771H,GS,0.0943,0.7914,0.0356,0.0787
SIMGS6773H,GS,0.2065,0.6979,0.0261,0.0696
SIMGS6775H,GS,0.2457,0.6966,0.0260,0.0317
SIMGS6776H,GS,0.1968,0.6712,0.0694,0.0627
SIMGS6778H,GS,0.0456,0.6992,0.0601,0.1951
SIMGS6780H,GS,0.1359,0.7865,0.0302,0.0474
SIMGS6784H,GS,0.2158,0.5906,0.0396,0.1540
SIMGS6785H,GS,0.1823,0.7383,0.0316,0.0478
SIMGS6788H,GS,0.0918,0.7896,0.0402,0.0784
SIMGS6789H,GS,0.1215,0.7420,0.0532,0.0832
SIMGS6790H,GS,0.2141,0.6820,0.0518,0.0521
SIMJD6884H,JD,0.1125,0.8081,0.0369,0.0425
SIMJD6886H,JD,0.3028,0.6330,0.0254,0.0388
SIMJD6887H,JD,0.1279,0.7887,0.0317,0.0518
SIMJD6888H,JD,0.1263,0.7607,0.0389,0.0741
SIMJD6894H,JD,0.2176,0.6698,0.0316,0.0811
SIMJD6895H,JD,0.0240,0.5658,0.3596,0.0506
SIMJD6896H,JD,0.2001,0.7244,0.0216,0.0539
SIMJD6897H,JD,0.1469,0.7810,0.0270,0.0451
SIMJD6898H,JD,0.2180,0.6876,0.0404,0.0540
SIMJD6899H,JD,0.2864,0.6167,0.0600,0.0370
SIMJD6905H,JD,0.1709,0.7112,0.0372,0.0807
SIMJD6906H,JD,0.1510,0.6263,0.0359,0.1869
SIMJD6907H,JD,0.1891,0.6569,0.0346,0.1194
SIMJD6908H,JD,0.1424,0.7634,0.0341,0.0600
SIMJD6913H,JD,0.1203,0.6104,0.0608,0.2085
SIMJS6704H,JS,0.1335,0.7878,0.0278,0.0509
SIMJS6706H,JS,0.1530,0.7555,0.0244,0.0671
SIMJS6707H,JS,0.2228,0.6789,0.0245,0.0738
SIMJS6709H,JS,0.2189,0.6866,0.0275,0.0670
SIMJS6711H,JS,0.1804,0.6459,0.0271,0.1467
SIMJS6713H,JS,0.1594,0.7742,0.0221,0.0443
SIMJS6715H,JS,0.0149,0.5537,0.4247,0.0067
SIMJS6716H,JS,0.2714,0.6304,0.0565,0.0418
SIMJS6717H,JS,0.0934,0.6771,0.0710,0.1585
SIMJS6718H,JS,0.1311,0.7848,0.0316,0.0525
SIMJS6725H,JS,0.0301,0.6609,0.1298,0.1792
SIMJS6726H,JS,0.3376,0.6036,0.0221,0.0367
SIMJS6727H,JS,0.1438,0.7670,0.0260,0.0633
SIMJS6728H,JS,0.1493,0.7515,0.0301,0.0690
SIMPD7015H,PD,0.2326,0.7058,0.0269,0.0347
SIMPD7016H,PD,0.2173,0.7205,0.0266,0.0356
SIMPD7018H,PD,0.2858,0.6477,0.0329,0.0336
SIMPD7019H,PD,0.1266,0.6907,0.0748,0.1079
SIMPD7021H,PD,0.2135,0.5913,0.0217,0.1734
SIMPD7022H,PD,0.3217,0.6183,0.0280,0.0320
SIMPD7023H,PD,0.2540,0.6339,0.0260,0.0861
SIMPD7024H,PD,0.2049,0.7035,0.0478,0.0438
SIMPD7025H,PD,0.1912,0.6375,0.0238,0.1475
SIMPD7027H,PD,0.2578,0.6761,0.0256,0.0405
SIMPD7035H,PD,0.2726,0.6199,0.0196,0.0879
SIMPD7036H,PD,0.1455,0.7626,0.0588,0.0331
SIMPD7037H,PD,0.1745,0.6433,0.0368,0.1454
SIMPD7040H,PD,0.2191,0.6422,0.0237,0.1149
SIMPD7041H,PD,0.1967,0.6698,0.0789,0.0545
SIMPS6633H,PS,0.2031,0.5962,0.0222,0.1784
SIMPS6634H,PS,0.2371,0.7095,0.0284,0.0249
SIMPS6635H,PS,0.2142,0.6779,0.0406,0.0672
SIMPS6638H,PS,0.2533,0.6811,0.0198,0.0457
SIMPS6639H,PS,0.1568,0.7854,0.0219,0.0360
SIMPS6641H,PS,0.1750,0.7469,0.0349,0.0433
SIMPS6642H,PS,0.2435,0.6985,0.0263,0.0317
SIMPS6643H,PS,0.1266,0.7281,0.0443,0.1010
SIMPS6644H,PS,0.2424,0.6929,0.0355,0.0292
SIMPS6645H,PS,0.1525,0.7668,0.0308,0.0499
SIMPS6646H,PS,0.0534,0.6995,0.0928,0.1544
SIMPS6652H,PS,0.1956,0.6219,0.0348,0.1476
SIMPS6654H,PS,0.1699,0.7163,0.0341,0.0797
SIMPS6657H,PS,0.2370,0.6894,0.0411,0.0325
SIMPS6658H,PS,0.2031,0.7046,0.0370,0.0553
SIMPS6661H,PS,0.2019,0.7094,0.0250,0.0637
SIMWD6945H,WD,0.1264,0.7710,0.0342,0.0684
SIMWD6947H,WD,0.2301,0.6596,0.0399,0.0703
SIMWD6948H,WD,0.0309,0.6070,0.0716,0.2905
SIMWD6954H,WD,0.1856,0.7604,0.0242,0.0298
SIMWD6955H,WD,0.1529,0.6798,0.0341,0.1332
SIMWD6956H,WD,0.1698,0.6178,0.0332,0.1793
SIMWD6957H,WD,0.2223,0.6511,0.0193,0.1074
SIMWD6958H,WD,0.1378,0.7766,0.0460,0.0396
SIMWD6959H,WD,0.1577,0.6102,0.1877,0.0444
SIMWD6962H,WD,0.1016,0.7834,0.0272,0.0878
SIMWD6967H,WD,0.1401,0.6749,0.0206,0.1644
SIMWD6968H,WD,0.1714,0.7475,0.0336,0.0475
SIMWD6969H,WD,0.2696,0.6736,0.0284,0.0284
SIMWD6972H,WD,0.1397,0.7946,0.0300,0.0358
