SIMGD6824H,JD,0.0039,0.9788,0.0082,0.0091
SIMGD6825H,PD,0.0893,0.0114,0.1629,0.7364
SIMGD6826H,GS,0.0095,0.0071,0.8772,0.1062
SIMGD6827H,PS,0.3930,0.1459,0.0572,0.4038
SIMGD6828H,WD,0.2449,0.0816,0.6457,0.0278
SIMGD6829H,GD,0.5778,0.1539,0.2010,0.0673
SIMGD6831H,JS,0.7602,0.0855,0.1433,0.0110
SIMGD6833H,JD,0.0632,0.7562,0.1684,0.0122
SIMGD6840H,PD,0.0453,0.0189,0.0960,0.8398
SIMGD6841H,GS,0.0110,0.1672,0.7704,0.0514
SIMGD6844H,PS,0.4739,0.0034,0.0156,0.5071
SIMGD6846H,WD,0.0042,0.0989,0.8931,0.0038
SIMGD6847H,GD,0.6927,0.1019,0.1067,0.0987
SIMGD6848H,JS,0.0974,0.0217,0.8100,0.0708
SIMGD6851H,JD,0.0139,0.9778,0.0048,0.0035
SIMGS6764H,PD,0.0074,0.0273,0.1024,0.8629
SIMGS6765H,GS,0.0148,0.0051,0.8692,0.1109
SIMGS6767H,PS,0.5018,0.0036,0.0062,0.4884
SIMGS6768H,WD,0.0382,0.0935,0.7132,0.1551
SIMGS6769H,GD,0.6770,0.1084,0.0932,0.1214
SIMGS6771H,JS,0.7627,0.0049,0.2177,0.0147
SIMGS6773H,JD,0.0072,0.9782,0.0068,0.0078
SIMGS6775H,PD,0.0040,0.0023,0.1062,0.8875
SIMGS6776H,GS,0.0253,0.0044,0.8631,0.1072
SIMGS6778H,PS,0.4889,0.0046,0.0066,0.4999
SIMGS6780H,WD,0.0043,0.1088,0.8713,0.0156
SIMGS6784H,GD,0.6857,0.1106,0.0931,0.1106
SIMGS6785H,JS,0.6551,0.0263,0.0955,0.2231
SIMGS6788H,JD,0.0314,0.8295,0.0808,0.0583
SIMGS6789H,PD,0.0197,0.0198,0.0993,0.8612
SIMGS6790H,GS,0.0690,0.0051,0.8434,0.0825
SIMJD6884H,PS,0.5336,0.0060,0.0291,0.4313
SIMJD6886H,WD,0.0173,0.1944,0.7494,0.0389
SIMJD6887H,GD,0.6770,0.1060,0.1065,0.1105
SIMJD6888H,JS,0.6744,0.0095,0.1718,0.1443
SIMJD6894H,JD,0.0079,0.9689,0.0099,0.0133
SIMJD6895H,PD,0.0042,0.1530,0.1034,0.7394
SIMJD6896H,GS,0.0234,0.0057,0.7707,0.2002
SIMJD6897H,PS,0.3538,0.0204,0.0552,0.5706
SIMJD6898H,WD,0.0364,0.1651,0.7760,0.0225
SIMJD6899H,GD,0.6651,0.0785,0.0777,0.1787
SIMJD6905H,JS,0.7716,0.0112,0.1611,0.0562
SIMJD6906H,JD,0.0049,0.9620,0.0191,0.0140
SIMJD6907H,PD,0.0175,0.0187,0.3518,0.6121
SIMJD6908H,GS,0.0255,0.0398,0.8235,0.1112
SIMJD6913H,PS,0.6680,0.0056,0.0092,0.3172
SIMJS6704H,WD,0.2278,0.0891,0.6683,0.0148
SIMJS6706H,GD,0.6580,0.0790,0.1337,0.1293
SIMJS6707H,JS,0.6599,0.0068,0.0784,0.2549
SIMJS6709H,JD,0.0100,0.9611,0.0221,0.0068
SIMJS6711H,PD,0.0107,0.0209,0.1809,0.7875
SIMJS6713H,GS,0.0136,0.0305,0.8713,0.0846
SIMJS6715H,PS,0.3538,0.0213,0.3620,0.2629
SIMJS6716H,WD,0.0057,0.1454,0.8466,0.0023
SIMJS6717H,GD,0.6799,0.1162,0.1016,0.1023
SIMJS6718H,JS,0.7115,0.0060,0.2757,0.0068
SIMJS6725H,JD,0.0069,0.9609,0.0170,0.0152
SIMJS6726H,PD,0.0106,0.0259,0.0933,0.8702
SIMJS6727H,GS,0.0141,0.0386,0.8439,0.1034
SIMJS6728H,PS,0.5669,0.0286,0.0053,0.3993
SIMPD7015H,WD,0.0072,0.0942,0.8899,0.0087
SIMPD7016H,GD,0.5615,0.0969,0.2795,0.0621
SIMPD7018H,JS,0.7203,0.0118,0.2403,0.0276
SIMPD7019H,JD,0.0067,0.9843,0.0037,0.0053
SIMPD7021H,PD,0.0055,0.0065,0.0980,0.8900
SIMPD7022H,GS,0.0069,0.0575,0.8417,0.0939
SIMPD7023H,PS,0.5285,0.0102,0.0308,0.4305
SIMPD7024H,WD,0.1949,0.0523,0.6217,0.1311
SIMPD7025H,GD,0.6690,0.0511,0.1381,0.1418
SIMPD7027H,JS,0.7839,0.0213,0.1780,0.0168
SIMPD7035H,JD,0.0167,0.9467,0.0164,0.0202
SIMPD7036H,PD,0.0146,0.0045,0.1459,0.8350
SIMPD7037H,GS,0.0131,0.0089,0.6502,0.3278
SIMPD7040H,PS,0.5280,0.0371,0.0157,0.4192
SIMPD7041H,WD,0.0370,0.1755,0.7609,0.0266
SIMPS6633H,GD,0.6508,0.1253,0.1011,0.1228
SIMPS6634H,JS,0.5330,0.0141,0.4353,0.0176
SIMPS6635H,JD,0.0052,0.9876,0.0035,0.0037
SIMPS6638H,PD,0.0263,0.0044,0.1049,0.8644
SIMPS6639H,GS,0.0262,0.0057,0.8419,0.1262
SIMPS6641H,PS,0.4310,0.0226,0.0843,0.4621
SIMPS6642H,WD,0.0167,0.0925,0.8783,0.0125
SIMPS6643H,GD,0.7078,0.1065,0.0687,0.1170
SIMPS6644H,JS,0.7693,0.0065,0.2155,0.0087
SIMPS6645H,JD,0.0493,0.9098,0.0159,0.0250
SIMPS6646H,PD,0.1160,0.0106,0.0623,0.8111
SIMPS6652H,GS,0.0130,0.0067,0.8250,0.1553
SIMPS6654H,PS,0.5024,0.0105,0.0578,0.4293
SIMPS6657H,WD,0.0151,0.0985,0.8672,0.0192
SIMPS6658H,GD,0.6873,0.1033,0.1063,0.1031
SIMPS6661H,JS,0.7862,0.0103,0.1967,0.0068
SIMWD6945H,JD,0.0047,0.9834,0.0073,0.0046
SIMWD6947H,PD,0.0159,0.2924,0.0948,0.5969
SIMWD6948H,GS,0.0071,0.0056,0.7188,0.2685
SIMWD6954H,PS,0.6285,0.0281,0.0499,0.2935
SIMWD6955H,WD,0.0504,0.0555,0.8778,0.0163
SIMWD6956H,GD,0.6179,0.2058,0.0970,0.0793
SIMWD6957H,JS,0.7890,0.0110,0.1124,0.0876
SIMWD6958H,JD,0.0633,0.8645,0.0530,0.0192
SIMWD6959H,PD,0.0305,0.0034,0.1010,0.8651
SIMWD6962H,GS,0.2110,0.0320,0.7196,0.0374
SIMWD6967H,PS,0.5217,0.0117,0.0350,0.4316
SIMWD6968H,WD,0.0097,0.0933,0.8790,0.0180
SIMWD6969H,GD,0.6323,0.0837,0.2018,0.0822
SIMWD6972H,JS,0.7009,0.0190,0.2010,0.0791
