SIMGD6824H,JD,0.0050,0.9190,0.0630,0.0010,0.0050,0.0020,0.0020,0.0030
SIMGD6825H,PD,0.0661,0.0070,0.0060,0.0040,0.7568,0.1421,0.0050,0.0130
SIMGD6826H,GS,0.0010,0.0020,0.9770,0.0020,0.0050,0.0030,0.0060,0.0040
SIMGD6827H,PS,0.8268,0.0731,0.0621,0.0010,0.0190,0.0050,0.0090,0.0040
SIMGD6828H,WD,0.0160,0.0150,0.0280,0.0030,0.0260,0.3690,0.0180,0.5250
SIMGD6829H,GD,0.0150,0.0110,0.0120,0.0020,0.0020,0.1220,0.8330,0.0030
SIMGD6831H,JS,0.0040,0.0050,0.0020,0.0050,0.0010,0.0030,0.0040,0.9760
SIMGD6833H,JD,0.0110,0.7884,0.0299,0.0020,0.0050,0.0359,0.0140,0.1138
SIMGD6840H,PD,0.0210,0.0190,0.0060,0.0040,0.9111,0.0080,0.0260,0.0050
SIMGD6841H,GS,0.0060,0.1130,0.5740,0.0080,0.0020,0.2650,0.0240,0.0080
SIMGD6844H,PS,0.9000,0.0010,0.0120,0.0340,0.0150,0.0050,0.0040,0.0290
SIMGD6846H,WD,0.0020,0.0020,0.0040,0.0010,0.0010,0.9850,0.0010,0.0040
SIMGD6847H,GD,0.0020,0.0030,0.0030,0.0010,0.0010,0.0020,0.9860,0.0020
SIMGD6848H,JS,0.0050,0.0260,0.2770,0.0030,0.0650,0.0980,0.0170,0.5090
SIMGD6851H,JD,0.0020,0.9730,0.0030,0.0020,0.0020,0.0020,0.0090,0.0070
SIMGS6764H,PD,0.0040,0.0290,0.0020,0.0100,0.9450,0.0030,0.0030,0.0040
SIMGS6765H,GS,0.0030,0.0040,0.9491,0.0080,0.0040,0.0060,0.0160,0.0100
SIMGS6767H,PS,0.9520,0.0030,0.0040,0.0080,0.0110,0.0060,0.0070,0.0090
SIMGS6768H,WD,0.0480,0.0070,0.0040,0.0300,0.0340,0.8270,0.0440,0.0060
SIMGS6769H,GD,0.0190,0.0270,0.0060,0.0140,0.0080,0.0030,0.9050,0.0180
SIMGS6771H,JS,0.0040,0.0040,0.0110,0.0030,0.0070,0.0130,0.0120,0.9460
SIMGS6773H,JD,0.0050,0.9700,0.0030,0.0060,0.0030,0.0050,0.0060,0.0020
SIMGS6775H,PD,0.0020,0.0010,0.0060,0.0210,0.9640,0.0020,0.0020,0.0020
SIMGS6776H,GS,0.0100,0.0010,0.7270,0.0210,0.0050,0.2060,0.0070,0.0230
SIMGS6778H,PS,0.9820,0.0020,0.0020,0.0030,0.0030,0.0030,0.0030,0.0020
SIMGS6780H,WD,0.0040,0.0090,0.0150,0.0020,0.0080,0.9540,0.0050,0.0030
SIMGS6784H,GD,0.0050,0.0030,0.0060,0.0040,0.0100,0.0030,0.9630,0.0060
SIMGS6785H,JS,0.0070,0.0100,0.0020,0.0240,0.0651,0.0030,0.0130,0.8759
SIMGS6788H,JD,0.0050,0.8539,0.0651,0.0020,0.0300,0.0130,0.0190,0.0120
SIMGS6789H,PD,0.0040,0.0260,0.0190,0.0110,0.9029,0.0030,0.0300,0.0040
SIMGS6790H,GS,0.0250,0.0030,0.9281,0.0140,0.0020,0.0040,0.0150,0.0090
SIMJD6884H,PS,0.9400,0.0020,0.0200,0.0020,0.0070,0.0050,0.0060,0.0180
SIMJD6886H,WD,0.0210,0.0310,0.1429,0.0240,0.0120,0.7073,0.0420,0.0200
SIMJD6887H,GD,0.0080,0.0060,0.0040,0.0020,0.0060,0.0100,0.9610,0.0030
SIMJD6888H,JS,0.0529,0.0070,0.0040,0.0030,0.0090,0.0190,0.0020,0.9031
SIMJD6894H,JD,0.0050,0.9579,0.0040,0.0090,0.0040,0.0090,0.0060,0.0050
SIMJD6895H,PD,0.0020,0.0070,0.0020,0.0020,0.9810,0.0020,0.0020,0.0020
SIMJD6896H,GS,0.0969,0.0050,0.8571,0.0090,0.0110,0.0110,0.0050,0.0050
SIMJD6897H,PS,0.7163,0.0070,0.0130,0.0050,0.2358,0.0090,0.0070,0.0070
SIMJD6898H,WD,0.0050,0.0210,0.0050,0.0010,0.0080,0.9199,0.0380,0.0020
SIMJD6899H,GD,0.0050,0.0020,0.0120,0.0080,0.0810,0.0010,0.8820,0.0090
SIMJD6905H,JS,0.0130,0.0040,0.0070,0.0030,0.0060,0.0410,0.0950,0.8310
SIMJD6906H,JD,0.0030,0.9311,0.0370,0.0020,0.0160,0.0060,0.0040,0.0010
SIMJD6907H,PD,0.0030,0.0080,0.0290,0.0220,0.7397,0.1752,0.0160,0.0070
SIMJD6908H,GS,0.0040,0.0279,0.9002,0.0020,0.0060,0.0060,0.0100,0.0439
SIMJD6913H,PS,0.9600,0.0020,0.0020,0.0020,0.0020,0.0030,0.0060,0.0230
SIMJS6704H,WD,0.0120,0.0130,0.0060,0.0060,0.0090,0.8250,0.0120,0.1170
SIMJS6706H,GD,0.0220,0.0060,0.0310,0.0110,0.0250,0.0110,0.8810,0.0130
SIMJS6707H,JS,0.0210,0.0030,0.0080,0.0020,0.2292,0.0020,0.0050,0.7297
SIMJS6709H,JD,0.0110,0.9390,0.0040,0.0020,0.0030,0.0290,0.0090,0.0030
SIMJS6711H,PD,0.0020,0.0080,0.2953,0.0120,0.6607,0.0130,0.0030,0.0060
SIMJS6713H,GS,0.0020,0.0190,0.9261,0.0020,0.0090,0.0070,0.0040,0.0310
SIMJS6715H,PS,0.9471,0.0040,0.0130,0.0020,0.0020,0.0050,0.0250,0.0020
SIMJS6716H,WD,0.0010,0.0030,0.0030,0.0010,0.0010,0.9860,0.0030,0.0020
SIMJS6717H,GD,0.0020,0.0020,0.0020,0.0010,0.0040,0.0030,0.9830,0.0030
SIMJS6718H,JS,0.0040,0.0030,0.0060,0.0010,0.0020,0.0080,0.0020,0.9740
SIMJS6725H,JD,0.0030,0.9540,0.0110,0.0020,0.0150,0.0030,0.0020,0.0100
SIMJS6726H,PD,0.0610,0.0110,0.0070,0.1430,0.7650,0.0040,0.0060,0.0030
SIMJS6727H,GS,0.0070,0.0170,0.7990,0.0020,0.0060,0.1570,0.0080,0.0040
SIMJS6728H,PS,0.9690,0.0100,0.0020,0.0010,0.0030,0.0020,0.0050,0.0080
SIMPD7015H,WD,0.0040,0.0020,0.0140,0.0020,0.0110,0.9550,0.0050,0.0070
SIMPD7016H,GD,0.0130,0.0220,0.0090,0.0020,0.0080,0.3123,0.5986,0.0350
SIMPD7018H,JS,0.0070,0.0070,0.0080,0.0480,0.0060,0.1301,0.0230,0.7708
SIMPD7019H,JD,0.0020,0.9760,0.0020,0.0020,0.0050,0.0040,0.0050,0.0040
SIMPD7021H,PD,0.0080,0.0020,0.0010,0.9780,0.0060,0.0020,0.0010,0.0020
SIMPD7022H,GS,0.0110,0.0290,0.8981,0.0010,0.0020,0.0509,0.0040,0.0040
SIMPD7023H,PS,0.8032,0.0040,0.0260,0.1079,0.0050,0.0040,0.0040,0.0460
SIMPD7024H,WD,0.0350,0.0040,0.0020,0.0030,0.0030,0.9301,0.0070,0.0160
SIMPD7025H,GD,0.0060,0.0020,0.0220,0.1119,0.0050,0.0030,0.8412,0.0090
SIMPD7027H,JS,0.0040,0.0110,0.0070,0.0030,0.0090,0.0030,0.0500,0.9131
SIMPD7035H,JD,0.0070,0.9421,0.0060,0.0090,0.0060,0.0140,0.0070,0.0090
SIMPD7036H,PD,0.0160,0.0020,0.0709,0.0050,0.8781,0.0100,0.0040,0.0140
SIMPD7037H,GS,0.0410,0.0060,0.8730,0.0040,0.0610,0.0070,0.0030,0.0050
SIMPD7040H,PS,0.9610,0.0100,0.0060,0.0010,0.0030,0.0050,0.0060,0.0080
SIMPD7041H,WD,0.0090,0.0070,0.0020,0.0050,0.0050,0.9580,0.0100,0.0040
SIMPS6633H,GD,0.0030,0.0050,0.0030,0.0010,0.0330,0.0040,0.9489,0.0020
SIMPS6634H,JS,0.0050,0.0030,0.0300,0.0090,0.0040,0.0511,0.0040,0.8939
SIMPS6635H,JD,0.0020,0.9070,0.0020,0.0790,0.0010,0.0020,0.0040,0.0030
SIMPS6638H,PD,0.0120,0.0040,0.0100,0.2482,0.6877,0.0080,0.0140,0.0160
SIMPS6639H,GS,0.0080,0.0080,0.8629,0.0050,0.0250,0.0180,0.0440,0.0290
SIMPS6641H,PS,0.7980,0.0140,0.0040,0.0010,0.0910,0.0770,0.0120,0.0030
SIMPS6642H,WD,0.0080,0.0030,0.0220,0.0010,0.0070,0.9470,0.0040,0.0080
SIMPS6643H,GD,0.0060,0.0340,0.0190,0.0030,0.0130,0.0050,0.7600,0.1600
SIMPS6644H,JS,0.0020,0.0020,0.0050,0.0010,0.0030,0.0080,0.0040,0.9750
SIMPS6645H,JD,0.0070,0.8092,0.0020,0.0030,0.0210,0.0559,0.0979,0.0040
SIMPS6646H,PD,0.0090,0.0050,0.0020,0.0130,0.9540,0.0010,0.0120,0.0040
SIMPS6652H,GS,0.0320,0.0040,0.9340,0.0040,0.0090,0.0070,0.0080,0.0020
SIMPS6654H,PS,0.6673,0.0070,0.0809,0.0060,0.0160,0.0170,0.0060,0.1998
SIMPS6657H,WD,0.0060,0.0070,0.0100,0.0020,0.0190,0.9411,0.0030,0.0120
SIMPS6658H,GD,0.0320,0.0190,0.0120,0.0010,0.0080,0.0050,0.9159,0.0070
SIMPS6661H,JS,0.0090,0.0040,0.0040,0.0010,0.0040,0.0040,0.0130,0.9610
SIMWD6945H,JD,0.0050,0.9730,0.0030,0.0010,0.0030,0.0060,0.0040,0.0050
SIMWD6947H,PD,0.0030,0.3654,0.0030,0.0010,0.5996,0.0190,0.0030,0.0060
SIMWD6948H,GS,0.0030,0.0020,0.9850,0.0020,0.0020,0.0020,0.0020,0.0020
SIMWD6954H,PS,0.6444,0.0160,0.0120,0.0070,0.0020,0.0100,0.0070,0.3017
SIMWD6955H,WD,0.0040,0.0030,0.0200,0.0040,0.0120,0.9229,0.0260,0.0080
SIMWD6956H,GD,0.0090,0.0510,0.0020,0.0160,0.0060,0.0210,0.8750,0.0200
SIMWD6957H,JS,0.0090,0.0050,0.0120,0.0030,0.1988,0.0040,0.0889,0.6793
SIMWD6958H,JD,0.0730,0.8550,0.0140,0.0020,0.0020,0.0320,0.0160,0.0060
SIMWD6959H,PD,0.0130,0.0020,0.0020,0.0090,0.9640,0.0010,0.0010,0.0080
SIMWD6962H,GS,0.0699,0.0110,0.5534,0.0030,0.0080,0.0130,0.3317,0.0100
SIMWD6967H,PS,0.9690,0.0030,0.0040,0.0060,0.0030,0.0080,0.0030,0.0040
SIMWD6968H,WD,0.0030,0.0040,0.0529,0.0040,0.0090,0.9201,0.0030,0.0040
SIMWD6969H,GD,0.0040,0.0040,0.0080,0.0030,0.0110,0.0410,0.8959,0.0330
SIMWD6972H,JS,0.2080,0.0160,0.0040,0.0040,0.0070,0.0070,0.0030,0.7510
