SIMGD6824H,JD,0.0030,0.9760,0.0130,0.0080
SIMGD6825H,PD,0.0150,0.0080,0.1230,0.8540
SIMGD6826H,GS,0.0060,0.0070,0.9840,0.0030
SIMGD6827H,PS,0.0180,0.2697,0.0220,0.6903
SIMGD6828H,WD,0.1590,0.0290,0.7750,0.0370
SIMGD6829H,GD,0.8290,0.0470,0.1060,0.0180
SIMGD6831H,JS,0.9670,0.0220,0.0040,0.0070
SIMGD6833H,JD,0.0521,0.7948,0.1411,0.0120
SIMGD6840H,PD,0.0090,0.0170,0.0090,0.9650
SIMGD6841H,GS,0.0080,0.0370,0.9510,0.0040
SIMGD6844H,PS,0.0040,0.0030,0.0050,0.9880
SIMGD6846H,WD,0.0030,0.0030,0.9920,0.0020
SIMGD6847H,GD,0.9840,0.0060,0.0070,0.0030
SIMGD6848H,JS,0.1010,0.0110,0.8720,0.0160
SIMGD6851H,JD,0.0140,0.9810,0.0030,0.0020
SIMGS6764H,PD,0.0040,0.0670,0.0060,0.9230
SIMGS6765H,GS,0.0230,0.0040,0.9640,0.0090
SIMGS6767H,PS,0.0090,0.0030,0.0030,0.9850
SIMGS6768H,WD,0.0350,0.0260,0.7133,0.2258
SIMGS6769H,GD,0.9530,0.0160,0.0050,0.0260
SIMGS6771H,JS,0.9059,0.0030,0.0791,0.0120
SIMGS6773H,JD,0.0030,0.9890,0.0050,0.0030
SIMGS6775H,PD,0.0050,0.0030,0.0080,0.9840
SIMGS6776H,GS,0.0240,0.0020,0.9480,0.0260
SIMGS6778H,PS,0.0050,0.0040,0.0050,0.9860
SIMGS6780H,WD,0.0040,0.0130,0.9690,0.0140
SIMGS6784H,GD,0.9700,0.0110,0.0090,0.0100
SIMGS6785H,JS,0.7377,0.0090,0.0050,0.2482
SIMGS6788H,JD,0.0340,0.8641,0.0699,0.0320
SIMGS6789H,PD,0.0120,0.0330,0.0050,0.9500
SIMGS6790H,GS,0.0070,0.0030,0.9800,0.0100
SIMJD6884H,PS,0.1011,0.0070,0.0260,0.8659
SIMJD6886H,WD,0.0160,0.2142,0.7357,0.0340
SIMJD6887H,GD,0.9600,0.0160,0.0080,0.0160
SIMJD6888H,JS,0.6476,0.0130,0.0160,0.3233
SIMJD6894H,JD,0.0110,0.9660,0.0110,0.0120
SIMJD6895H,PD,0.0050,0.5604,0.0070,0.4276
SIMJD6896H,GS,0.0120,0.0060,0.8840,0.0980
SIMJD6897H,PS,0.0160,0.0210,0.0290,0.9341
SIMJD6898H,WD,0.0330,0.1290,0.8310,0.0070
SIMJD6899H,GD,0.9700,0.0040,0.0040,0.0220
SIMJD6905H,JS,0.9380,0.0100,0.0160,0.0360
SIMJD6906H,JD,0.0050,0.9780,0.0110,0.0060
SIMJD6907H,PD,0.0100,0.0190,0.5710,0.4000
SIMJD6908H,GS,0.0290,0.0410,0.9230,0.0070
SIMJD6913H,PS,0.5435,0.0070,0.0080,0.4416
SIMJS6704H,WD,0.2088,0.0330,0.7213,0.0370
SIMJS6706H,GD,0.9460,0.0080,0.0270,0.0190
SIMJS6707H,JS,0.6920,0.0070,0.0300,0.2710
SIMJS6709H,JD,0.0130,0.9650,0.0160,0.0060
SIMJS6711H,PD,0.0170,0.0200,0.1930,0.7700
SIMJS6713H,GS,0.0140,0.0100,0.9670,0.0090
SIMJS6715H,PS,0.0390,0.0110,0.8220,0.1280
SIMJS6716H,WD,0.0050,0.0821,0.9109,0.0020
SIMJS6717H,GD,0.9810,0.0120,0.0040,0.0030
SIMJS6718H,JS,0.8581,0.0070,0.1309,0.0040
SIMJS6725H,JD,0.0060,0.9800,0.0090,0.0050
SIMJS6726H,PD,0.0040,0.0330,0.0060,0.9570
SIMJS6727H,GS,0.0080,0.0290,0.9430,0.0200
SIMJS6728H,PS,0.0690,0.0530,0.0060,0.8720
SIMPD7015H,WD,0.0040,0.0060,0.9750,0.0150
SIMPD7016H,GD,0.7307,0.0080,0.2492,0.0120
SIMPD7018H,JS,0.9570,0.0050,0.0270,0.0110
SIMPD7019H,JD,0.0070,0.9840,0.0040,0.0050
SIMPD7021H,PD,0.0030,0.0030,0.0030,0.9910
SIMPD7022H,GS,0.0040,0.0060,0.9860,0.0040
SIMPD7023H,PS,0.0390,0.0090,0.0560,0.8960
SIMPD7024H,WD,0.0350,0.0070,0.6940,0.2640
SIMPD7025H,GD,0.9720,0.0040,0.0160,0.0080
SIMPD7027H,JS,0.9750,0.0080,0.0070,0.0100
SIMPD7035H,JD,0.0170,0.9440,0.0190,0.0200
SIMPD7036H,PD,0.0090,0.0060,0.0569,0.9281
SIMPD7037H,GS,0.0040,0.0090,0.8550,0.1320
SIMPD7040H,PS,0.0300,0.0330,0.0160,0.9210
SIMPD7041H,WD,0.1190,0.1060,0.7480,0.0270
SIMPS6633H,GD,0.9429,0.0380,0.0060,0.0130
SIMPS6634H,JS,0.4985,0.0050,0.4885,0.0080
SIMPS6635H,JD,0.0080,0.9840,0.0030,0.0050
SIMPS6638H,PD,0.0290,0.0040,0.0170,0.9499
SIMPS6639H,GS,0.0230,0.0050,0.9290,0.0430
SIMPS6641H,PS,0.0100,0.0100,0.1240,0.8560
SIMPS6642H,WD,0.0100,0.0120,0.9650,0.0130
SIMPS6643H,GD,0.9700,0.0070,0.0080,0.0150
SIMPS6644H,JS,0.9680,0.0050,0.0210,0.0060
SIMPS6645H,JD,0.0990,0.8720,0.0100,0.0190
SIMPS6646H,PD,0.0170,0.0110,0.0040,0.9680
SIMPS6652H,GS,0.0050,0.0030,0.9780,0.0140
SIMPS6654H,PS,0.0310,0.0160,0.0890,0.8640
SIMPS6657H,WD,0.0080,0.0130,0.9540,0.0250
SIMPS6658H,GD,0.9620,0.0130,0.0150,0.0100
SIMPS6661H,JS,0.9830,0.0060,0.0060,0.0050
SIMWD6945H,JD,0.0040,0.9840,0.0060,0.0060
SIMWD6947H,PD,0.0100,0.3900,0.0110,0.5890
SIMWD6948H,GS,0.0030,0.0050,0.9640,0.0280
SIMWD6954H,PS,0.1610,0.0200,0.0670,0.7520
SIMWD6955H,WD,0.0250,0.0060,0.9560,0.0130
SIMWD6956H,GD,0.8879,0.0911,0.0110,0.0100
SIMWD6957H,JS,0.9280,0.0090,0.0070,0.0560
SIMWD6958H,JD,0.0230,0.9140,0.0510,0.0120
SIMWD6959H,PD,0.0030,0.0030,0.0040,0.9900
SIMWD6962H,GS,0.1630,0.0160,0.8080,0.0130
SIMWD6967H,PS,0.0450,0.0080,0.0400,0.9071
SIMWD6968H,WD,0.0070,0.0170,0.9680,0.0080
SIMWD6969H,GD,0.9490,0.0050,0.0380,0.0080
SIMWD6972H,JS,0.7850,0.0230,0.0300,0.1620
