SIMGD6824H,JD,0.0040,0.9860,0.0050,0.0050
SIMGD6825H,PD,0.2110,0.0090,0.0210,0.7590
SIMGD6826H,GS,0.0030,0.0050,0.9790,0.0130
SIMGD6827H,PS,0.8490,0.0910,0.0280,0.0320
SIMGD6828H,WD,0.4086,0.0280,0.5485,0.0150
SIMGD6829H,GD,0.0130,0.0110,0.9730,0.0030
SIMGD6831H,JS,0.9720,0.0190,0.0070,0.0020
SIMGD6833H,JD,0.0669,0.8771,0.0500,0.0060
SIMGD6840H,PD,0.0150,0.0260,0.0110,0.9480
SIMGD6841H,GS,0.0070,0.0350,0.9540,0.0040
SIMGD6844H,PS,0.9670,0.0020,0.0040,0.0270
SIMGD6846H,WD,0.0070,0.0040,0.9870,0.0020
SIMGD6847H,GD,0.0050,0.0050,0.9890,0.0010
SIMGD6848H,JS,0.0250,0.0070,0.9440,0.0240
SIMGD6851H,JD,0.0040,0.9900,0.0040,0.0020
SIMGS6764H,PD,0.0030,0.0230,0.0050,0.9690
SIMGS6765H,GS,0.0090,0.0020,0.9710,0.0180
SIMGS6767H,PS,0.9770,0.0030,0.0070,0.0130
SIMGS6768H,WD,0.0180,0.0090,0.9320,0.0410
SIMGS6769H,GD,0.0531,0.0691,0.8649,0.0130
SIMGS6771H,JS,0.9600,0.0030,0.0300,0.0070
SIMGS6773H,JD,0.0050,0.9860,0.0050,0.0040
SIMGS6775H,PD,0.0020,0.0010,0.0020,0.9950
SIMGS6776H,GS,0.0170,0.0020,0.9580,0.0230
SIMGS6778H,PS,0.9840,0.0030,0.0030,0.0100
SIMGS6780H,WD,0.0030,0.0130,0.9800,0.0040
SIMGS6784H,GD,0.0400,0.0879,0.8452,0.0270
SIMGS6785H,JS,0.8881,0.0140,0.0090,0.0889
SIMGS6788H,JD,0.0170,0.9110,0.0350,0.0370
SIMGS6789H,PD,0.0040,0.0160,0.0080,0.9720
SIMGS6790H,GS,0.0250,0.0030,0.9680,0.0040
SIMJD6884H,PS,0.9640,0.0040,0.0190,0.0130
SIMJD6886H,WD,0.0130,0.0240,0.9420,0.0210
SIMJD6887H,GD,0.0100,0.0120,0.9650,0.0130
SIMJD6888H,JS,0.9880,0.0040,0.0040,0.0040
SIMJD6894H,JD,0.0050,0.9750,0.0090,0.0110
SIMJD6895H,PD,0.0030,0.0130,0.0030,0.9810
SIMJD6896H,GS,0.0330,0.0040,0.9360,0.0270
SIMJD6897H,PS,0.5740,0.0100,0.0240,0.3920
SIMJD6898H,WD,0.0050,0.0180,0.9720,0.0050
SIMJD6899H,GD,0.0400,0.0060,0.7020,0.2520
SIMJD6905H,JS,0.9100,0.0040,0.0800,0.0060
SIMJD6906H,JD,0.0030,0.9730,0.0080,0.0160
SIMJD6907H,PD,0.0080,0.0150,0.1229,0.8541
SIMJD6908H,GS,0.0110,0.0150,0.9390,0.0350
SIMJD6913H,PS,0.9920,0.0020,0.0030,0.0030
SIMJS6704H,WD,0.2150,0.0260,0.7500,0.0090
SIMJS6706H,GD,0.0170,0.0040,0.9600,0.0190
SIMJS6707H,JS,0.9030,0.0030,0.0050,0.0890
SIMJS6709H,JD,0.0120,0.9680,0.0150,0.0050
SIMJS6711H,PD,0.0070,0.0170,0.0849,0.8911
SIMJS6713H,GS,0.0070,0.0160,0.9670,0.0100
SIMJS6715H,PS,0.6503,0.0170,0.3257,0.0070
SIMJS6716H,WD,0.0110,0.0789,0.9081,0.0020
SIMJS6717H,GD,0.0050,0.0170,0.9710,0.0070
SIMJS6718H,JS,0.9610,0.0050,0.0320,0.0020
SIMJS6725H,JD,0.0040,0.9760,0.0060,0.0140
SIMJS6726H,PD,0.0140,0.0120,0.0080,0.9660
SIMJS6727H,GS,0.0090,0.0070,0.9750,0.0090
SIMJS6728H,PS,0.9840,0.0110,0.0030,0.0020
SIMPD7015H,WD,0.0050,0.0050,0.9830,0.0070
SIMPD7016H,GD,0.0170,0.0190,0.9590,0.0050
SIMPD7018H,JS,0.7680,0.0110,0.2070,0.0140
SIMPD7019H,JD,0.0030,0.9910,0.0030,0.0030
SIMPD7021H,PD,0.0060,0.0030,0.0050,0.9860
SIMPD7022H,GS,0.0070,0.0260,0.9630,0.0040
SIMPD7023H,PS,0.9630,0.0030,0.0090,0.0250
SIMPD7024H,WD,0.5205,0.0060,0.4685,0.0050
SIMPD7025H,GD,0.0180,0.0030,0.9570,0.0220
SIMPD7027H,JS,0.9120,0.0300,0.0510,0.0070
SIMPD7035H,JD,0.0120,0.9660,0.0110,0.0110
SIMPD7036H,PD,0.0190,0.0030,0.0130,0.9650
SIMPD7037H,GS,0.0559,0.0080,0.5255,0.4106
SIMPD7040H,PS,0.9790,0.0110,0.0060,0.0040
SIMPD7041H,WD,0.0120,0.0959,0.8851,0.0070
SIMPS6633H,GD,0.0060,0.0390,0.8979,0.0571
SIMPS6634H,JS,0.7070,0.0080,0.2790,0.0060
SIMPS6635H,JD,0.0020,0.9920,0.0030,0.0030
SIMPS6638H,PD,0.0150,0.0030,0.0170,0.9650
SIMPS6639H,GS,0.0160,0.0060,0.9540,0.0240
SIMPS6641H,PS,0.8520,0.0150,0.0600,0.0730
SIMPS6642H,WD,0.0170,0.0090,0.9700,0.0040
SIMPS6643H,GD,0.1990,0.2540,0.5200,0.0270
SIMPS6644H,JS,0.9490,0.0050,0.0410,0.0050
SIMPS6645H,JD,0.0110,0.9319,0.0410,0.0160
SIMPS6646H,PD,0.0050,0.0040,0.0030,0.9880
SIMPS6652H,GS,0.0140,0.0050,0.8630,0.1180
SIMPS6654H,PS,0.9670,0.0050,0.0140,0.0140
SIMPS6657H,WD,0.0150,0.0160,0.9570,0.0120
SIMPS6658H,GD,0.0190,0.0100,0.9660,0.0050
SIMPS6661H,JS,0.9810,0.0070,0.0080,0.0040
SIMWD6945H,JD,0.0060,0.9860,0.0050,0.0030
SIMWD6947H,PD,0.0040,0.3824,0.0060,0.6076
SIMWD6948H,GS,0.0200,0.0040,0.7540,0.2220
SIMWD6954H,PS,0.9850,0.0060,0.0070,0.0020
SIMWD6955H,WD,0.0060,0.0030,0.9850,0.0060
SIMWD6956H,GD,0.0190,0.1630,0.8130,0.0050
SIMWD6957H,JS,0.7570,0.0110,0.0340,0.1980
SIMWD6958H,JD,0.0400,0.8900,0.0660,0.0040
SIMWD6959H,PD,0.0180,0.0030,0.0020,0.9770
SIMWD6962H,GS,0.0250,0.0070,0.9630,0.0050
SIMWD6967H,PS,0.9870,0.0030,0.0050,0.0050
SIMWD6968H,WD,0.0060,0.0080,0.9770,0.0090
SIMWD6969H,GD,0.0050,0.0030,0.9840,0.0080
SIMWD6972H,JS,0.9790,0.0090,0.0050,0.0070
