SIMGD6824H,JD,0.0210,0.9710,0.0080
SIMGD6825H,PD,0.8990,0.0160,0.0850
SIMGD6826H,GS,0.0420,0.0160,0.9420
SIMGD6827H,PS,0.8240,0.1520,0.0240
SIMGD6828H,WD,0.0220,0.0220,0.9560
SIMGD6829H,GD,0.0460,0.7540,0.2000
SIMGD6831H,JS,0.0180,0.8600,0.1220
SIMGD6833H,JD,0.0130,0.5950,0.3920
SIMGD6840H,PD,0.9630,0.0210,0.0160
SIMGD6841H,GS,0.0110,0.0470,0.9420
SIMGD6844H,PS,0.9800,0.0060,0.0140
SIMGD6846H,WD,0.0080,0.0060,0.9860
SIMGD6847H,GD,0.0120,0.8510,0.1370
SIMGD6848H,JS,0.0250,0.0180,0.9570
SIMGD6851H,JD,0.0060,0.9820,0.0120
SIMGS6764H,PD,0.9580,0.0300,0.0120
SIMGS6765H,GS,0.0920,0.0140,0.8940
SIMGS6767H,PS,0.9760,0.0090,0.0150
SIMGS6768H,WD,0.1029,0.0390,0.8581
SIMGS6769H,GD,0.2170,0.6690,0.1140
SIMGS6771H,JS,0.0310,0.0300,0.9390
SIMGS6773H,JD,0.0160,0.9740,0.0100
SIMGS6775H,PD,0.9680,0.0080,0.0240
SIMGS6776H,GS,0.1090,0.0070,0.8840
SIMGS6778H,PS,0.9810,0.0090,0.0100
SIMGS6780H,WD,0.0290,0.0170,0.9540
SIMGS6784H,GD,0.0690,0.8420,0.0890
SIMGS6785H,JS,0.6090,0.2750,0.1160
SIMGS6788H,JD,0.0970,0.8520,0.0510
SIMGS6789H,PD,0.9421,0.0500,0.0080
SIMGS6790H,GS,0.1850,0.0140,0.8010
SIMJD6884H,PS,0.9120,0.0200,0.0680
SIMJD6886H,WD,0.0240,0.1590,0.8170
SIMJD6887H,GD,0.0980,0.8550,0.0470
SIMJD6888H,JS,0.4264,0.0280,0.5455
SIMJD6894H,JD,0.0110,0.9750,0.0140
SIMJD6895H,PD,0.9410,0.0480,0.0110
SIMJD6896H,GS,0.5190,0.0150,0.4660
SIMJD6897H,PS,0.9401,0.0350,0.0250
SIMJD6898H,WD,0.0170,0.0900,0.8930
SIMJD6899H,GD,0.2980,0.6920,0.0100
SIMJD6905H,JS,0.1410,0.0800,0.7790
SIMJD6906H,JD,0.0350,0.9490,0.0160
SIMJD6907H,PD,0.7518,0.0240,0.2242
SIMJD6908H,GS,0.2080,0.0570,0.7350
SIMJD6913H,PS,0.8440,0.0580,0.0980
SIMJS6704H,WD,0.0350,0.0600,0.9050
SIMJS6706H,GD,0.1479,0.1359,0.7163
SIMJS6707H,JS,0.7427,0.0390,0.2182
SIMJS6709H,JD,0.0080,0.9540,0.0380
SIMJS6711H,PD,0.8830,0.0390,0.0780
SIMJS6713H,GS,0.0140,0.0210,0.9650
SIMJS6715H,PS,0.8519,0.0521,0.0961
SIMJS6716H,WD,0.0040,0.0160,0.9800
SIMJS6717H,GD,0.0080,0.9620,0.0300
SIMJS6718H,JS,0.0120,0.0110,0.9770
SIMJS6725H,JD,0.0220,0.9570,0.0210
SIMJS6726H,PD,0.9730,0.0190,0.0080
SIMJS6727H,GS,0.0950,0.0390,0.8660
SIMJS6728H,PS,0.7580,0.2150,0.0270
SIMPD7015H,WD,0.0100,0.0080,0.9820
SIMPD7016H,GD,0.0230,0.4300,0.5470
SIMPD7018H,JS,0.0280,0.1520,0.8200
SIMPD7019H,JD,0.0070,0.9840,0.0090
SIMPD7021H,PD,0.9790,0.0090,0.0120
SIMPD7022H,GS,0.0170,0.0140,0.9690
SIMPD7023H,PS,0.8920,0.0380,0.0700
SIMPD7024H,WD,0.1660,0.0130,0.8210
SIMPD7025H,GD,0.1310,0.1850,0.6840
SIMPD7027H,JS,0.0600,0.1330,0.8070
SIMPD7035H,JD,0.0250,0.9560,0.0190
SIMPD7036H,PD,0.9630,0.0080,0.0290
SIMPD7037H,GS,0.7910,0.0250,0.1840
SIMPD7040H,PS,0.8789,0.0911,0.0300
SIMPD7041H,WD,0.0180,0.1021,0.8799
SIMPS6633H,GD,0.0490,0.9040,0.0470
SIMPS6634H,JS,0.0140,0.0110,0.9750
SIMPS6635H,JD,0.0060,0.9860,0.0080
SIMPS6638H,PD,0.9500,0.0130,0.0370
SIMPS6639H,GS,0.1030,0.0060,0.8910
SIMPS6641H,PS,0.9109,0.0480,0.0410
SIMPS6642H,WD,0.0280,0.0200,0.9520
SIMPS6643H,GD,0.2202,0.5766,0.2032
SIMPS6644H,JS,0.0180,0.0280,0.9540
SIMPS6645H,JD,0.0140,0.9680,0.0180
SIMPS6646H,PD,0.9710,0.0210,0.0080
SIMPS6652H,GS,0.7530,0.0240,0.2230
SIMPS6654H,PS,0.8130,0.0160,0.1710
SIMPS6657H,WD,0.0200,0.0080,0.9720
SIMPS6658H,GD,0.0400,0.8781,0.0819
SIMPS6661H,JS,0.0150,0.0620,0.9230
SIMWD6945H,JD,0.0110,0.9690,0.0200
SIMWD6947H,PD,0.6000,0.3690,0.0310
SIMWD6948H,GS,0.8780,0.0120,0.1100
SIMWD6954H,PS,0.5185,0.0350,0.4466
SIMWD6955H,WD,0.0230,0.0740,0.9030
SIMWD6956H,GD,0.0190,0.9410,0.0400
SIMWD6957H,JS,0.0741,0.3073,0.6186
SIMWD6958H,JD,0.0610,0.8610,0.0780
SIMWD6959H,PD,0.9870,0.0040,0.0090
SIMWD6962H,GS,0.0710,0.0890,0.8400
SIMWD6967H,PS,0.8880,0.0250,0.0870
SIMWD6968H,WD,0.0180,0.0170,0.9650
SIMWD6969H,GD,0.0270,0.3690,0.6040
SIMWD6972H,JS,0.1150,0.0500,0.8350
