SIMGD6824H,JD,0.0100,0.9790,0.0050,0.0030,0.0030
SIMGD6825H,PD,0.7680,0.0080,0.0930,0.0060,0.1250
SIMGD6826H,GS,0.9699,0.0040,0.0030,0.0180,0.0050
SIMGD6827H,PS,0.2997,0.1598,0.5155,0.0210,0.0040
SIMGD6828H,WD,0.0410,0.0250,0.3920,0.0160,0.5260
SIMGD6829H,GD,0.0090,0.0260,0.0190,0.8630,0.0830
SIMGD6831H,JS,0.0020,0.0430,0.9421,0.0070,0.0060
SIMGD6833H,JD,0.0160,0.8350,0.0560,0.0130,0.0800
SIMGD6840H,PD,0.8298,0.0110,0.0080,0.1381,0.0130
SIMGD6841H,GS,0.5250,0.2500,0.0130,0.0250,0.1870
SIMGD6844H,PS,0.1008,0.0040,0.8842,0.0050,0.0060
SIMGD6846H,WD,0.0050,0.0020,0.0030,0.0020,0.9880
SIMGD6847H,GD,0.0020,0.0030,0.0020,0.9900,0.0030
SIMGD6848H,JS,0.4164,0.0380,0.1321,0.0280,0.3854
SIMGD6851H,JD,0.0030,0.9850,0.0040,0.0050,0.0030
SIMGS6764H,PD,0.9220,0.0530,0.0090,0.0090,0.0070
SIMGS6765H,GS,0.9400,0.0040,0.0190,0.0290,0.0080
SIMGS6767H,PS,0.0140,0.0050,0.9500,0.0130,0.0180
SIMGS6768H,WD,0.0899,0.0070,0.0649,0.0340,0.8042
SIMGS6769H,GD,0.0130,0.0190,0.0370,0.9249,0.0060
SIMGS6771H,JS,0.0060,0.0030,0.9240,0.0150,0.0520
SIMGS6773H,JD,0.0140,0.9660,0.0070,0.0090,0.0040
SIMGS6775H,PD,0.9890,0.0020,0.0040,0.0030,0.0020
SIMGS6776H,GS,0.6610,0.0030,0.0170,0.0060,0.3130
SIMGS6778H,PS,0.0090,0.0040,0.9750,0.0050,0.0070
SIMGS6780H,WD,0.0260,0.0100,0.0040,0.0030,0.9570
SIMGS6784H,GD,0.0160,0.0040,0.0090,0.9650,0.0060
SIMGS6785H,JS,0.0330,0.0150,0.9270,0.0200,0.0050
SIMGS6788H,JD,0.1479,0.8092,0.0130,0.0150,0.0150
SIMGS6789H,PD,0.8900,0.0190,0.0040,0.0840,0.0030
SIMGS6790H,GS,0.7920,0.0090,0.1480,0.0270,0.0240
SIMJD6884H,PS,0.0430,0.0100,0.9080,0.0130,0.0260
SIMJD6886H,WD,0.0710,0.1610,0.0360,0.0060,0.7260
SIMJD6887H,GD,0.0080,0.0210,0.0140,0.9420,0.0150
SIMJD6888H,JS,0.0040,0.0060,0.9810,0.0020,0.0070
SIMJD6894H,JD,0.0070,0.9700,0.0050,0.0130,0.0050
SIMJD6895H,PD,0.8699,0.1201,0.0040,0.0030,0.0030
SIMJD6896H,GS,0.9490,0.0040,0.0280,0.0090,0.0100
SIMJD6897H,PS,0.4360,0.0380,0.4290,0.0430,0.0540
SIMJD6898H,WD,0.0070,0.0270,0.0030,0.0841,0.8789
SIMJD6899H,GD,0.0190,0.0040,0.0060,0.9690,0.0020
SIMJD6905H,JS,0.0130,0.0060,0.6620,0.0510,0.2680
SIMJD6906H,JD,0.0330,0.9520,0.0020,0.0070,0.0060
SIMJD6907H,PD,0.7950,0.0130,0.0080,0.0300,0.1540
SIMJD6908H,GS,0.9270,0.0140,0.0360,0.0130,0.0100
SIMJD6913H,PS,0.0020,0.0020,0.9860,0.0080,0.0020
SIMJS6704H,WD,0.0120,0.0220,0.1330,0.0150,0.8180
SIMJS6706H,GD,0.0160,0.0080,0.0240,0.9311,0.0210
SIMJS6707H,JS,0.1550,0.0030,0.8160,0.0230,0.0030
SIMJS6709H,JD,0.0050,0.9540,0.0080,0.0060,0.0270
SIMJS6711H,PD,0.9800,0.0070,0.0030,0.0070,0.0030
SIMJS6713H,GS,0.9439,0.0350,0.0060,0.0070,0.0080
SIMJS6715H,PS,0.0200,0.0120,0.0660,0.0120,0.8900
SIMJS6716H,WD,0.0020,0.0050,0.0020,0.0020,0.9890
SIMJS6717H,GD,0.0020,0.0030,0.0020,0.9900,0.0030
SIMJS6718H,JS,0.0080,0.0040,0.9560,0.0060,0.0260
SIMJS6725H,JD,0.0260,0.9590,0.0070,0.0030,0.0050
SIMJS6726H,PD,0.9410,0.0180,0.0210,0.0100,0.0100
SIMJS6727H,GS,0.7912,0.0290,0.0170,0.0100,0.1528
SIMJS6728H,PS,0.0030,0.0160,0.9690,0.0080,0.0040
SIMPD7015H,WD,0.0170,0.0070,0.0060,0.0050,0.9650
SIMPD7016H,GD,0.0080,0.0160,0.0420,0.6236,0.3103
SIMPD7018H,JS,0.0120,0.0100,0.7390,0.0910,0.1480
SIMPD7019H,JD,0.0050,0.9730,0.0060,0.0110,0.0050
SIMPD7021H,PD,0.9600,0.0160,0.0100,0.0040,0.0100
SIMPD7022H,GS,0.7110,0.0100,0.0140,0.0070,0.2580
SIMPD7023H,PS,0.0810,0.0040,0.9020,0.0070,0.0060
SIMPD7024H,WD,0.0020,0.0030,0.0230,0.0100,0.9620
SIMPD7025H,GD,0.0190,0.0020,0.0070,0.9680,0.0040
SIMPD7027H,JS,0.0060,0.0150,0.9039,0.0691,0.0060
SIMPD7035H,JD,0.0090,0.9510,0.0140,0.0120,0.0140
SIMPD7036H,PD,0.9690,0.0030,0.0120,0.0060,0.0100
SIMPD7037H,GS,0.9730,0.0080,0.0080,0.0030,0.0080
SIMPD7040H,PS,0.0080,0.0290,0.9249,0.0070,0.0310
SIMPD7041H,WD,0.0050,0.0090,0.0060,0.0140,0.9660
SIMPS6633H,GD,0.0060,0.0060,0.0050,0.9780,0.0050
SIMPS6634H,JS,0.0270,0.0100,0.8438,0.0060,0.1131
SIMPS6635H,JD,0.0030,0.9880,0.0030,0.0040,0.0020
SIMPS6638H,PD,0.8750,0.0040,0.0110,0.0920,0.0180
SIMPS6639H,GS,0.9520,0.0040,0.0230,0.0130,0.0080
SIMPS6641H,PS,0.0500,0.0250,0.6170,0.0090,0.2990
SIMPS6642H,WD,0.0120,0.0050,0.0090,0.0120,0.9620
SIMPS6643H,GD,0.0370,0.0120,0.1099,0.8332,0.0080
SIMPS6644H,JS,0.0090,0.0040,0.9421,0.0110,0.0340
SIMPS6645H,JD,0.0110,0.8740,0.0130,0.0770,0.0250
SIMPS6646H,PD,0.4150,0.0220,0.0190,0.5380,0.0060
SIMPS6652H,GS,0.9339,0.0150,0.0100,0.0190,0.0220
SIMPS6654H,PS,0.0270,0.0070,0.9469,0.0060,0.0130
SIMPS6657H,WD,0.0290,0.0050,0.0090,0.0030,0.9540
SIMPS6658H,GD,0.0140,0.0460,0.0530,0.8780,0.0090
SIMPS6661H,JS,0.0050,0.0060,0.9650,0.0170,0.0070
SIMWD6945H,JD,0.0030,0.9720,0.0080,0.0070,0.0100
SIMWD6947H,PD,0.7170,0.1720,0.0100,0.0060,0.0950
SIMWD6948H,GS,0.9820,0.0030,0.0070,0.0040,0.0040
SIMWD6954H,PS,0.0060,0.0070,0.9780,0.0040,0.0050
SIMWD6955H,WD,0.0130,0.0050,0.0110,0.0290,0.9420
SIMWD6956H,GD,0.0040,0.0970,0.0230,0.7880,0.0880
SIMWD6957H,JS,0.0700,0.0090,0.8290,0.0860,0.0060
SIMWD6958H,JD,0.0100,0.8390,0.0300,0.0320,0.0890
SIMWD6959H,PD,0.9169,0.0050,0.0701,0.0020,0.0060
SIMWD6962H,GS,0.4010,0.0380,0.0460,0.4510,0.0640
SIMWD6967H,PS,0.0110,0.0050,0.9670,0.0040,0.0130
SIMWD6968H,WD,0.0500,0.0090,0.0040,0.0060,0.9310
SIMWD6969H,GD,0.0120,0.0070,0.0160,0.8531,0.1119
SIMWD6972H,JS,0.0060,0.0120,0.9700,0.0030,0.0090
