SIMGD6824H,JD,0.9720,0.0020,0.0040,0.0030,0.0050,0.0120,0.0020
SIMGD6825H,PD,0.0080,0.0040,0.0800,0.0310,0.8070,0.0050,0.0650
SIMGD6826H,GS,0.0030,0.0030,0.0020,0.0020,0.0030,0.9850,0.0020
SIMGD6827H,PS,0.1179,0.0140,0.7433,0.0030,0.0110,0.1079,0.0030
SIMGD6828H,WD,0.0160,0.0140,0.0260,0.5495,0.0160,0.0410,0.3377
SIMGD6829H,GD,0.0170,0.8940,0.0240,0.0050,0.0030,0.0110,0.0460
SIMGD6831H,JS,0.0120,0.0050,0.0070,0.9700,0.0010,0.0030,0.0020
SIMGD6833H,JD,0.7988,0.0100,0.0130,0.0771,0.0040,0.0761,0.0210
SIMGD6840H,PD,0.0080,0.0120,0.0240,0.0020,0.9459,0.0030,0.0050
SIMGD6841H,GS,0.1281,0.0160,0.0060,0.0060,0.0050,0.7798,0.0591
SIMGD6844H,PS,0.0020,0.0030,0.9029,0.0090,0.0450,0.0350,0.0030
SIMGD6846H,WD,0.0010,0.0020,0.0020,0.0020,0.0020,0.0050,0.9860
SIMGD6847H,GD,0.0020,0.9890,0.0020,0.0020,0.0010,0.0020,0.0020
SIMGD6848H,JS,0.0220,0.0380,0.0050,0.7800,0.0230,0.0400,0.0920
SIMGD6851H,JD,0.9810,0.0060,0.0020,0.0040,0.0020,0.0030,0.0020
SIMGS6764H,PD,0.0230,0.0030,0.0060,0.0050,0.9530,0.0050,0.0050
SIMGS6765H,GS,0.0020,0.0100,0.0030,0.0170,0.0040,0.9610,0.0030
SIMGS6767H,PS,0.0030,0.0100,0.9560,0.0050,0.0170,0.0030,0.0060
SIMGS6768H,WD,0.0030,0.0270,0.0770,0.0060,0.1760,0.0070,0.7040
SIMGS6769H,GD,0.0160,0.9259,0.0180,0.0160,0.0140,0.0060,0.0040
SIMGS6771H,JS,0.0030,0.0080,0.0030,0.9660,0.0030,0.0050,0.0120
SIMGS6773H,JD,0.9700,0.0060,0.0110,0.0030,0.0040,0.0030,0.0030
SIMGS6775H,PD,0.0010,0.0020,0.0010,0.0020,0.9900,0.0030,0.0010
SIMGS6776H,GS,0.0030,0.0080,0.0090,0.0140,0.0100,0.7590,0.1970
SIMGS6778H,PS,0.0020,0.0020,0.9850,0.0030,0.0030,0.0020,0.0030
SIMGS6780H,WD,0.0070,0.0030,0.0040,0.0020,0.0070,0.0250,0.9520
SIMGS6784H,GD,0.0040,0.9660,0.0060,0.0070,0.0060,0.0070,0.0040
SIMGS6785H,JS,0.0100,0.0120,0.0050,0.8609,0.1061,0.0020,0.0040
SIMGS6788H,JD,0.8570,0.0170,0.0070,0.0150,0.0420,0.0500,0.0120
SIMGS6789H,PD,0.0130,0.0100,0.0030,0.0040,0.9570,0.0100,0.0030
SIMGS6790H,GS,0.0020,0.0090,0.0280,0.0060,0.0030,0.9469,0.0050
SIMJD6884H,PS,0.0020,0.0040,0.9670,0.0090,0.0040,0.0110,0.0030
SIMJD6886H,WD,0.1500,0.0070,0.0090,0.0110,0.0040,0.1310,0.6880
SIMJD6887H,GD,0.0170,0.9331,0.0230,0.0040,0.0090,0.0030,0.0110
SIMJD6888H,JS,0.0050,0.0020,0.1439,0.8262,0.0070,0.0040,0.0120
SIMJD6894H,JD,0.9729,0.0080,0.0020,0.0020,0.0050,0.0060,0.0040
SIMJD6895H,PD,0.0150,0.0030,0.0020,0.0020,0.9720,0.0030,0.0030
SIMJD6896H,GS,0.0040,0.0060,0.0470,0.0040,0.0270,0.8999,0.0120
SIMJD6897H,PS,0.0100,0.0240,0.8212,0.0070,0.1089,0.0180,0.0110
SIMJD6898H,WD,0.0280,0.0771,0.0070,0.0030,0.0080,0.0040,0.8729
SIMJD6899H,GD,0.0020,0.9740,0.0040,0.0050,0.0090,0.0040,0.0020
SIMJD6905H,JS,0.0070,0.0881,0.0390,0.6156,0.0290,0.0080,0.2132
SIMJD6906H,JD,0.9311,0.0050,0.0030,0.0030,0.0070,0.0480,0.0030
SIMJD6907H,PD,0.0130,0.0080,0.0040,0.0280,0.8390,0.0620,0.0460
SIMJD6908H,GS,0.0120,0.0090,0.0030,0.0330,0.0030,0.9360,0.0040
SIMJD6913H,PS,0.0020,0.0090,0.9590,0.0250,0.0020,0.0010,0.0020
SIMJS6704H,WD,0.0150,0.0030,0.0060,0.3764,0.0030,0.0040,0.5926
SIMJS6706H,GD,0.0040,0.9309,0.0220,0.0080,0.0060,0.0150,0.0140
SIMJS6707H,JS,0.0020,0.0100,0.0130,0.7760,0.1830,0.0140,0.0020
SIMJS6709H,JD,0.9640,0.0050,0.0060,0.0030,0.0050,0.0030,0.0140
SIMJS6711H,PD,0.0080,0.0040,0.0020,0.0080,0.8671,0.1069,0.0040
SIMJS6713H,GS,0.0040,0.0030,0.0020,0.0140,0.0050,0.9690,0.0030
SIMJS6715H,PS,0.0130,0.0130,0.9250,0.0030,0.0030,0.0170,0.0260
SIMJS6716H,WD,0.0050,0.0040,0.0010,0.0040,0.0010,0.0030,0.9820
SIMJS6717H,GD,0.0030,0.9870,0.0010,0.0020,0.0040,0.0010,0.0020
SIMJS6718H,JS,0.0040,0.0040,0.0040,0.9731,0.0020,0.0070,0.0060
SIMJS6725H,JD,0.9580,0.0030,0.0020,0.0100,0.0070,0.0160,0.0040
SIMJS6726H,PD,0.0100,0.0040,0.0490,0.0030,0.9230,0.0060,0.0050
SIMJS6727H,GS,0.0130,0.0080,0.0050,0.0030,0.0040,0.9081,0.0589
SIMJS6728H,PS,0.0050,0.0060,0.9790,0.0040,0.0020,0.0020,0.0020
SIMPD7015H,WD,0.0040,0.0040,0.0050,0.0090,0.0060,0.0140,0.9579
SIMPD7016H,GD,0.0060,0.6387,0.0110,0.0808,0.0070,0.0080,0.2485
SIMPD7018H,JS,0.0080,0.0300,0.0040,0.9299,0.0090,0.0070,0.0120
SIMPD7019H,JD,0.9760,0.0060,0.0030,0.0040,0.0040,0.0040,0.0030
SIMPD7021H,PD,0.0060,0.0030,0.0100,0.0030,0.9620,0.0060,0.0100
SIMPD7022H,GS,0.0090,0.0050,0.0090,0.0020,0.0030,0.9570,0.0150
SIMPD7023H,PS,0.0060,0.0090,0.8901,0.0460,0.0170,0.0240,0.0080
SIMPD7024H,WD,0.0030,0.0040,0.0350,0.0090,0.0060,0.0020,0.9409
SIMPD7025H,GD,0.0020,0.9600,0.0060,0.0050,0.0070,0.0180,0.0020
SIMPD7027H,JS,0.0070,0.0470,0.0040,0.9300,0.0050,0.0030,0.0040
SIMPD7035H,JD,0.9540,0.0080,0.0120,0.0090,0.0050,0.0050,0.0070
SIMPD7036H,PD,0.0030,0.0030,0.0140,0.0170,0.9170,0.0340,0.0120
SIMPD7037H,GS,0.0110,0.0030,0.0170,0.0060,0.0711,0.8829,0.0090
SIMPD7040H,PS,0.0150,0.0040,0.9600,0.0060,0.0030,0.0070,0.0050
SIMPD7041H,WD,0.0090,0.0050,0.0080,0.0020,0.0060,0.0030,0.9670
SIMPS6633H,GD,0.0030,0.9770,0.0020,0.0030,0.0100,0.0030,0.0020
SIMPS6634H,JS,0.0070,0.0020,0.0060,0.9489,0.0050,0.0150,0.0160
SIMPS6635H,JD,0.9860,0.0030,0.0020,0.0040,0.0020,0.0020,0.0010
SIMPS6638H,PD,0.0040,0.0340,0.0050,0.0100,0.9300,0.0050,0.0120
SIMPS6639H,GS,0.0040,0.0050,0.0120,0.0150,0.0270,0.9299,0.0070
SIMPS6641H,PS,0.0180,0.0070,0.9010,0.0040,0.0170,0.0080,0.0450
SIMPS6642H,WD,0.0040,0.0070,0.0060,0.0040,0.0040,0.0180,0.9570
SIMPS6643H,GD,0.0070,0.8470,0.0180,0.0840,0.0190,0.0220,0.0030
SIMPS6644H,JS,0.0020,0.0020,0.0020,0.9800,0.0020,0.0040,0.0080
SIMPS6645H,JD,0.8519,0.0991,0.0100,0.0050,0.0150,0.0030,0.0160
SIMPS6646H,PD,0.0060,0.0190,0.0130,0.0030,0.9560,0.0010,0.0020
SIMPS6652H,GS,0.0070,0.0110,0.0150,0.0020,0.0090,0.9440,0.0120
SIMPS6654H,PS,0.0040,0.0050,0.8670,0.0710,0.0120,0.0290,0.0120
SIMPS6657H,WD,0.0090,0.0030,0.0090,0.0310,0.0120,0.0070,0.9290
SIMPS6658H,GD,0.0220,0.8751,0.0519,0.0140,0.0060,0.0270,0.0040
SIMPS6661H,JS,0.0040,0.0110,0.0060,0.9690,0.0020,0.0050,0.0030
SIMWD6945H,JD,0.9770,0.0040,0.0040,0.0040,0.0030,0.0020,0.0060
SIMWD6947H,PD,0.0580,0.0060,0.0020,0.0120,0.8620,0.0030,0.0570
SIMWD6948H,GS,0.0020,0.0020,0.0030,0.0020,0.0030,0.9860,0.0020
SIMWD6954H,PS,0.0150,0.0040,0.7207,0.2182,0.0020,0.0340,0.0060
SIMWD6955H,WD,0.0040,0.0230,0.0060,0.0110,0.0090,0.0170,0.9300
SIMWD6956H,GD,0.0750,0.8150,0.0090,0.0200,0.0090,0.0030,0.0690
SIMWD6957H,JS,0.0150,0.0910,0.0170,0.7030,0.1560,0.0150,0.0030
SIMWD6958H,JD,0.8650,0.0200,0.0250,0.0100,0.0050,0.0150,0.0600
SIMWD6959H,PD,0.0020,0.0010,0.0070,0.0080,0.9780,0.0030,0.0010
SIMWD6962H,GS,0.0120,0.1938,0.0260,0.0070,0.0060,0.7393,0.0160
SIMWD6967H,PS,0.0020,0.0030,0.9750,0.0040,0.0040,0.0030,0.0090
SIMWD6968H,WD,0.0090,0.0060,0.0050,0.0040,0.0170,0.0439,0.9152
SIMWD6969H,GD,0.0030,0.8879,0.0050,0.0370,0.0050,0.0080,0.0541
SIMWD6972H,JS,0.0110,0.0030,0.2092,0.7628,0.0040,0.0050,0.0050
