SIMGD6824H,JD,0.0039,0.0280,0.0027,0.0022,0.0036,0.9596
SIMGD6825H,PD,0.7532,0.0149,0.0053,0.1456,0.0747,0.0063
SIMGD6826H,GS,0.0063,0.7834,0.1025,0.1007,0.0026,0.0045
SIMGD6827H,PS,0.0308,0.1758,0.0265,0.0121,0.6338,0.1210
SIMGD6828H,WD,0.0156,0.1586,0.0273,0.4782,0.2921,0.0282
SIMGD6829H,GD,0.0040,0.0183,0.8734,0.0664,0.0179,0.0200
SIMGD6831H,JS,0.0013,0.2024,0.0128,0.0576,0.6413,0.0846
SIMGD6833H,JD,0.0073,0.0848,0.0154,0.0495,0.0533,0.7897
SIMGD6840H,PD,0.9376,0.0073,0.0200,0.0075,0.0164,0.0112
SIMGD6841H,GS,0.0034,0.5444,0.0898,0.2408,0.0067,0.1149
SIMGD6844H,PS,0.0298,0.1091,0.0029,0.0036,0.8520,0.0026
SIMGD6846H,WD,0.0018,0.0037,0.0015,0.9888,0.0022,0.0020
SIMGD6847H,GD,0.0013,0.0029,0.9872,0.0030,0.0022,0.0034
SIMGD6848H,JS,0.0809,0.4245,0.0700,0.2594,0.1450,0.0202
SIMGD6851H,JD,0.0022,0.0050,0.0120,0.0031,0.0036,0.9741
SIMGS6764H,PD,0.9701,0.0037,0.0047,0.0048,0.0055,0.0112
SIMGS6765H,GS,0.0059,0.7815,0.1036,0.1007,0.0053,0.0030
SIMGS6767H,PS,0.0170,0.0983,0.0086,0.0076,0.8657,0.0028
SIMGS6768H,WD,0.0813,0.0106,0.0201,0.8278,0.0541,0.0061
SIMGS6769H,GD,0.0157,0.0106,0.9122,0.0043,0.0403,0.0169
SIMGS6771H,JS,0.0051,0.2960,0.0245,0.0286,0.6420,0.0038
SIMGS6773H,JD,0.0034,0.0038,0.0087,0.0033,0.0042,0.9766
SIMGS6775H,PD,0.9854,0.0061,0.0020,0.0025,0.0023,0.0017
SIMGS6776H,GS,0.0108,0.5866,0.0819,0.2893,0.0295,0.0019
SIMGS6778H,PS,0.0104,0.0987,0.0031,0.0087,0.8768,0.0023
SIMGS6780H,WD,0.0073,0.0177,0.0043,0.9564,0.0043,0.0100
SIMGS6784H,GD,0.0076,0.0121,0.9614,0.0052,0.0092,0.0045
SIMGS6785H,JS,0.1304,0.2378,0.0112,0.0049,0.5960,0.0197
SIMGS6788H,JD,0.0513,0.0470,0.0286,0.0104,0.0117,0.8510
SIMGS6789H,PD,0.9495,0.0127,0.0151,0.0037,0.0045,0.0145
SIMGS6790H,GS,0.0037,0.7606,0.1063,0.0990,0.0278,0.0026
SIMJD6884H,PS,0.0104,0.1200,0.0091,0.0124,0.8441,0.0040
SIMJD6886H,WD,0.0164,0.1240,0.0196,0.6995,0.0184,0.1222
SIMJD6887H,GD,0.0093,0.0040,0.9534,0.0105,0.0117,0.0111
SIMJD6888H,JS,0.0046,0.2463,0.0020,0.0087,0.7341,0.0043
SIMJD6894H,JD,0.0142,0.0061,0.0085,0.0058,0.0045,0.9609
SIMJD6895H,PD,0.9705,0.0031,0.0028,0.0031,0.0027,0.0178
SIMJD6896H,GS,0.0287,0.6932,0.0970,0.1077,0.0684,0.0050
SIMJD6897H,PS,0.2551,0.1149,0.0178,0.0123,0.5855,0.0144
SIMJD6898H,WD,0.0058,0.0066,0.0628,0.8967,0.0056,0.0225
SIMJD6899H,GD,0.0464,0.0061,0.9373,0.0019,0.0056,0.0027
SIMJD6905H,JS,0.0184,0.1878,0.0826,0.1435,0.5590,0.0087
SIMJD6906H,JD,0.0112,0.0324,0.0063,0.0052,0.0029,0.9420
SIMJD6907H,PD,0.7598,0.0680,0.0186,0.1359,0.0068,0.0109
SIMJD6908H,GS,0.0050,0.7591,0.1023,0.1001,0.0105,0.0230
SIMJD6913H,PS,0.0023,0.1061,0.0051,0.0019,0.8822,0.0024
SIMJS6704H,WD,0.0110,0.0945,0.0222,0.7688,0.0780,0.0256
SIMJS6706H,GD,0.0183,0.0322,0.8843,0.0145,0.0437,0.0070
SIMJS6707H,JS,0.1674,0.2512,0.0150,0.0035,0.5587,0.0042
SIMJS6709H,JD,0.0047,0.0046,0.0061,0.0594,0.0054,0.9198
SIMJS6711H,PD,0.8324,0.1168,0.0063,0.0201,0.0088,0.0156
SIMJS6713H,GS,0.0098,0.7160,0.1032,0.1201,0.0200,0.0309
SIMJS6715H,PS,0.0056,0.1332,0.0319,0.3845,0.4365,0.0083
SIMJS6716H,WD,0.0010,0.0048,0.0018,0.9796,0.0021,0.0107
SIMJS6717H,GD,0.0036,0.0039,0.9810,0.0026,0.0021,0.0068
SIMJS6718H,JS,0.0017,0.3239,0.0045,0.0144,0.6520,0.0035
SIMJS6725H,JD,0.0112,0.0165,0.0034,0.0049,0.0056,0.9584
SIMJS6726H,PD,0.9463,0.0059,0.0049,0.0046,0.0196,0.0187
SIMJS6727H,GS,0.0059,0.6929,0.1004,0.1741,0.0101,0.0166
SIMJS6728H,PS,0.0028,0.0909,0.0100,0.0029,0.8764,0.0170
SIMPD7015H,WD,0.0092,0.0203,0.0051,0.9560,0.0061,0.0033
SIMPD7016H,GD,0.0045,0.0293,0.6141,0.3109,0.0258,0.0154
SIMPD7018H,JS,0.0161,0.1924,0.0536,0.3747,0.3563,0.0069
SIMPD7019H,JD,0.0050,0.0026,0.0049,0.0034,0.0033,0.9808
SIMPD7021H,PD,0.9802,0.0030,0.0026,0.0051,0.0052,0.0039
SIMPD7022H,GS,0.0034,0.7129,0.0870,0.1756,0.0063,0.0148
SIMPD7023H,PS,0.0225,0.1118,0.0073,0.0063,0.8469,0.0052
SIMPD7024H,WD,0.0056,0.0119,0.0087,0.8809,0.0904,0.0025
SIMPD7025H,GD,0.0154,0.0318,0.9359,0.0051,0.0087,0.0031
SIMPD7027H,JS,0.0091,0.2762,0.0654,0.0069,0.6290,0.0134
SIMPD7035H,JD,0.0118,0.0069,0.0125,0.0191,0.0127,0.9370
SIMPD7036H,PD,0.8909,0.0606,0.0054,0.0183,0.0216,0.0033
SIMPD7037H,GS,0.1158,0.6817,0.0817,0.0979,0.0165,0.0064
SIMPD7040H,PS,0.0050,0.1056,0.0073,0.0087,0.8553,0.0181
SIMPD7041H,WD,0.0067,0.0032,0.0109,0.9541,0.0058,0.0193
SIMPS6633H,GD,0.0100,0.0030,0.9665,0.0039,0.0029,0.0137
SIMPS6634H,JS,0.0071,0.3188,0.0051,0.0704,0.5919,0.0067
SIMPS6635H,JD,0.0027,0.0025,0.0031,0.0020,0.0028,0.9869
SIMPS6638H,PD,0.9382,0.0081,0.0305,0.0116,0.0084,0.0032
SIMPS6639H,GS,0.0246,0.7447,0.1033,0.1057,0.0179,0.0038
SIMPS6641H,PS,0.0516,0.0953,0.0123,0.1579,0.6705,0.0125
SIMPS6642H,WD,0.0078,0.0266,0.0086,0.9389,0.0134,0.0047
SIMPS6643H,GD,0.0206,0.0553,0.8044,0.0056,0.0994,0.0146
SIMPS6644H,JS,0.0041,0.2987,0.0078,0.0153,0.6691,0.0050
SIMPS6645H,JD,0.0107,0.0043,0.0762,0.0296,0.0093,0.8699
SIMPS6646H,PD,0.9581,0.0032,0.0215,0.0028,0.0078,0.0066
SIMPS6652H,GS,0.0194,0.7424,0.1043,0.1176,0.0120,0.0043
SIMPS6654H,PS,0.0128,0.1307,0.0069,0.0143,0.8293,0.0060
SIMPS6657H,WD,0.0109,0.0141,0.0042,0.9527,0.0114,0.0067
SIMPS6658H,GD,0.0077,0.0143,0.9125,0.0050,0.0448,0.0157
SIMPS6661H,JS,0.0034,0.2947,0.0235,0.0074,0.6648,0.0062
SIMWD6945H,JD,0.0027,0.0029,0.0032,0.0078,0.0042,0.9792
SIMWD6947H,PD,0.7340,0.0057,0.0077,0.0500,0.0087,0.1940
SIMWD6948H,GS,0.0173,0.7776,0.0970,0.0964,0.0091,0.0026
SIMWD6954H,PS,0.0030,0.1520,0.0063,0.0051,0.8196,0.0140
SIMWD6955H,WD,0.0111,0.0120,0.0291,0.9369,0.0055,0.0054
SIMWD6956H,GD,0.0078,0.0075,0.8398,0.0467,0.0108,0.0874
SIMWD6957H,JS,0.0629,0.2100,0.2054,0.0055,0.5039,0.0122
SIMWD6958H,JD,0.0047,0.0299,0.0271,0.0445,0.0480,0.8459
SIMWD6959H,PD,0.9723,0.0047,0.0011,0.0023,0.0175,0.0021
SIMWD6962H,GS,0.0062,0.5557,0.2856,0.1137,0.0297,0.0091
SIMWD6967H,PS,0.0089,0.0982,0.0062,0.0203,0.8618,0.0046
SIMWD6968H,WD,0.0174,0.0295,0.0061,0.9311,0.0048,0.0111
SIMWD6969H,GD,0.0074,0.0225,0.8882,0.0627,0.0143,0.0049
SIMWD6972H,JS,0.0071,0.2378,0.0030,0.0113,0.7296,0.0112
