SIMGD6824H,JD,0.0030,0.9760,0.0090,0.0010,0.0040,0.0020,0.0020,0.0030
SIMGD6825H,PD,0.0410,0.0040,0.0040,0.0020,0.7570,0.1620,0.0040,0.0260
SIMGD6826H,GS,0.0020,0.0030,0.9800,0.0020,0.0050,0.0020,0.0030,0.0030
SIMGD6827H,PS,0.7220,0.1360,0.0940,0.0010,0.0230,0.0030,0.0180,0.0030
SIMGD6828H,WD,0.0140,0.0420,0.0629,0.0030,0.0290,0.2138,0.0240,0.6114
SIMGD6829H,GD,0.0080,0.0090,0.0170,0.0030,0.0030,0.0350,0.9229,0.0020
SIMGD6831H,JS,0.0040,0.0250,0.0030,0.0100,0.0010,0.0170,0.0040,0.9361
SIMGD6833H,JD,0.0190,0.6540,0.1330,0.0030,0.0070,0.0610,0.0090,0.1140
SIMGD6840H,PD,0.0160,0.0120,0.0030,0.0040,0.9459,0.0060,0.0100,0.0030
SIMGD6841H,GS,0.0080,0.0501,0.6957,0.0040,0.0030,0.2202,0.0140,0.0050
SIMGD6844H,PS,0.9311,0.0020,0.0040,0.0380,0.0100,0.0030,0.0020,0.0100
SIMGD6846H,WD,0.0020,0.0020,0.0040,0.0010,0.0020,0.9840,0.0020,0.0030
SIMGD6847H,GD,0.0010,0.0020,0.0030,0.0010,0.0010,0.0020,0.9880,0.0020
SIMGD6848H,JS,0.0050,0.0110,0.1420,0.0020,0.1400,0.0850,0.0310,0.5840
SIMGD6851H,JD,0.0030,0.9570,0.0040,0.0020,0.0020,0.0040,0.0150,0.0130
SIMGS6764H,PD,0.0070,0.0100,0.0020,0.0210,0.9441,0.0050,0.0050,0.0060
SIMGS6765H,GS,0.0020,0.0020,0.9720,0.0030,0.0040,0.0040,0.0030,0.0100
SIMGS6767H,PS,0.9670,0.0020,0.0030,0.0100,0.0040,0.0030,0.0060,0.0050
SIMGS6768H,WD,0.1040,0.0080,0.0050,0.0250,0.0200,0.8140,0.0140,0.0100
SIMGS6769H,GD,0.0170,0.0120,0.0050,0.0050,0.0210,0.0030,0.9190,0.0180
SIMGS6771H,JS,0.0050,0.0030,0.0080,0.0040,0.0080,0.0090,0.0120,0.9510
SIMGS6773H,JD,0.0040,0.9730,0.0040,0.0050,0.0020,0.0020,0.0080,0.0020
SIMGS6775H,PD,0.0020,0.0010,0.0170,0.0140,0.9580,0.0020,0.0020,0.0040
SIMGS6776H,GS,0.0590,0.0020,0.6380,0.0120,0.0080,0.2680,0.0050,0.0080
SIMGS6778H,PS,0.9750,0.0020,0.0020,0.0020,0.0030,0.0100,0.0020,0.0040
SIMGS6780H,WD,0.0060,0.0110,0.0040,0.0010,0.0080,0.9660,0.0020,0.0020
SIMGS6784H,GD,0.0040,0.0030,0.0100,0.0050,0.0090,0.0030,0.9500,0.0160
SIMGS6785H,JS,0.0090,0.0140,0.0040,0.0240,0.1060,0.0030,0.0030,0.8370
SIMGS6788H,JD,0.0040,0.8480,0.0550,0.0010,0.0670,0.0060,0.0070,0.0120
SIMGS6789H,PD,0.0030,0.0080,0.0100,0.0050,0.9580,0.0020,0.0090,0.0050
SIMGS6790H,GS,0.0320,0.0020,0.9170,0.0130,0.0020,0.0050,0.0140,0.0150
SIMJD6884H,PS,0.9241,0.0030,0.0100,0.0030,0.0110,0.0040,0.0050,0.0400
SIMJD6886H,WD,0.0120,0.0490,0.2360,0.0260,0.0070,0.6480,0.0130,0.0090
SIMJD6887H,GD,0.0090,0.0050,0.0020,0.0030,0.0040,0.0060,0.9670,0.0040
SIMJD6888H,JS,0.0810,0.0030,0.0030,0.0020,0.0030,0.0090,0.0020,0.8970
SIMJD6894H,JD,0.0030,0.9400,0.0040,0.0180,0.0120,0.0100,0.0080,0.0050
SIMJD6895H,PD,0.0020,0.0080,0.0030,0.0050,0.9770,0.0020,0.0020,0.0010
SIMJD6896H,GS,0.2058,0.0050,0.7473,0.0150,0.0070,0.0110,0.0050,0.0040
SIMJD6897H,PS,0.7495,0.0090,0.0090,0.0080,0.1944,0.0090,0.0150,0.0060
SIMJD6898H,WD,0.0080,0.0080,0.0030,0.0010,0.0050,0.8257,0.1473,0.0020
SIMJD6899H,GD,0.0050,0.0030,0.0040,0.0260,0.0539,0.0020,0.9001,0.0060
SIMJD6905H,JS,0.0820,0.0080,0.0060,0.0040,0.0320,0.0790,0.0760,0.7130
SIMJD6906H,JD,0.0030,0.9389,0.0250,0.0020,0.0210,0.0040,0.0040,0.0020
SIMJD6907H,PD,0.0050,0.0080,0.0800,0.0500,0.6930,0.1370,0.0180,0.0090
SIMJD6908H,GS,0.0020,0.0120,0.9399,0.0020,0.0030,0.0040,0.0060,0.0310
SIMJD6913H,PS,0.9690,0.0030,0.0020,0.0010,0.0020,0.0020,0.0030,0.0180
SIMJS6704H,WD,0.0130,0.0180,0.0080,0.0080,0.0110,0.7862,0.0160,0.1399
SIMJS6706H,GD,0.0420,0.0040,0.0330,0.0170,0.0300,0.0090,0.8420,0.0230
SIMJS6707H,JS,0.0130,0.0030,0.0060,0.0020,0.3437,0.0030,0.0050,0.6244
SIMJS6709H,JD,0.0060,0.8660,0.0040,0.0020,0.0060,0.1050,0.0040,0.0070
SIMJS6711H,PD,0.0050,0.0220,0.0660,0.0100,0.8570,0.0090,0.0070,0.0240
SIMJS6713H,GS,0.0020,0.0070,0.8851,0.0030,0.0080,0.0280,0.0060,0.0609
SIMJS6715H,PS,0.9409,0.0040,0.0060,0.0010,0.0020,0.0050,0.0390,0.0020
SIMJS6716H,WD,0.0010,0.0030,0.0020,0.0010,0.0010,0.9880,0.0020,0.0020
SIMJS6717H,GD,0.0010,0.0020,0.0010,0.0010,0.0020,0.0010,0.9890,0.0030
SIMJS6718H,JS,0.0040,0.0040,0.0090,0.0010,0.0030,0.0050,0.0030,0.9710
SIMJS6725H,JD,0.0020,0.9159,0.0240,0.0040,0.0180,0.0040,0.0020,0.0300
SIMJS6726H,PD,0.0070,0.0060,0.0070,0.1620,0.8100,0.0030,0.0030,0.0020
SIMJS6727H,GS,0.0090,0.0160,0.8730,0.0020,0.0070,0.0720,0.0140,0.0070
SIMJS6728H,PS,0.9590,0.0130,0.0030,0.0010,0.0040,0.0020,0.0130,0.0050
SIMPD7015H,WD,0.0040,0.0030,0.0190,0.0020,0.0050,0.9580,0.0030,0.0060
SIMPD7016H,GD,0.0110,0.0210,0.0110,0.0010,0.0060,0.2590,0.6560,0.0350
SIMPD7018H,JS,0.0070,0.0050,0.0060,0.0710,0.0080,0.1640,0.0180,0.7210
SIMPD7019H,JD,0.0040,0.9680,0.0030,0.0020,0.0070,0.0020,0.0110,0.0030
SIMPD7021H,PD,0.0070,0.0010,0.0020,0.9720,0.0130,0.0020,0.0010,0.0020
SIMPD7022H,GS,0.0110,0.0130,0.8192,0.0010,0.0040,0.1429,0.0050,0.0040
SIMPD7023H,PS,0.8871,0.0060,0.0140,0.0619,0.0050,0.0030,0.0060,0.0170
SIMPD7024H,WD,0.0490,0.0030,0.0030,0.0040,0.0040,0.9041,0.0150,0.0180
SIMPD7025H,GD,0.0070,0.0030,0.0420,0.0980,0.0060,0.0030,0.8310,0.0100
SIMPD7027H,JS,0.0070,0.0050,0.0150,0.0030,0.0050,0.0030,0.0541,0.9079
SIMPD7035H,JD,0.0310,0.8800,0.0060,0.0090,0.0120,0.0340,0.0170,0.0110
SIMPD7036H,PD,0.0220,0.0020,0.0260,0.0060,0.9210,0.0090,0.0040,0.0100
SIMPD7037H,GS,0.0280,0.0110,0.6990,0.0060,0.2300,0.0200,0.0020,0.0040
SIMPD7040H,PS,0.9520,0.0180,0.0110,0.0010,0.0040,0.0030,0.0070,0.0040
SIMPD7041H,WD,0.0050,0.0070,0.0030,0.0050,0.0030,0.9670,0.0050,0.0050
SIMPS6633H,GD,0.0020,0.0080,0.0020,0.0010,0.0080,0.0040,0.9730,0.0020
SIMPS6634H,JS,0.0030,0.0030,0.0150,0.0050,0.0040,0.0070,0.0030,0.9600
SIMPS6635H,JD,0.0020,0.9080,0.0020,0.0810,0.0020,0.0020,0.0020,0.0010
SIMPS6638H,PD,0.0040,0.0020,0.0030,0.2794,0.6876,0.0050,0.0130,0.0060
SIMPS6639H,GS,0.0120,0.0040,0.9131,0.0030,0.0170,0.0050,0.0190,0.0270
SIMPS6641H,PS,0.8990,0.0070,0.0070,0.0010,0.0280,0.0490,0.0060,0.0030
SIMPS6642H,WD,0.0090,0.0030,0.0450,0.0010,0.0140,0.9101,0.0090,0.0090
SIMPS6643H,GD,0.0270,0.0120,0.0150,0.0040,0.0420,0.0040,0.8030,0.0930
SIMPS6644H,JS,0.0030,0.0030,0.0030,0.0010,0.0030,0.0060,0.0020,0.9790
SIMPS6645H,JD,0.0090,0.7960,0.0070,0.0020,0.0130,0.0190,0.1500,0.0040
SIMPS6646H,PD,0.0090,0.0080,0.0030,0.0390,0.9010,0.0020,0.0340,0.0040
SIMPS6652H,GS,0.0100,0.0040,0.9470,0.0050,0.0110,0.0120,0.0080,0.0030
SIMPS6654H,PS,0.8620,0.0050,0.0240,0.0010,0.0270,0.0120,0.0040,0.0650
SIMPS6657H,WD,0.0060,0.0070,0.0120,0.0020,0.0060,0.9550,0.0030,0.0090
SIMPS6658H,GD,0.0160,0.0070,0.0070,0.0020,0.0060,0.0030,0.9500,0.0090
SIMPS6661H,JS,0.0060,0.0040,0.0080,0.0010,0.0030,0.0060,0.0090,0.9630
SIMWD6945H,JD,0.0040,0.9770,0.0020,0.0020,0.0040,0.0060,0.0010,0.0040
SIMWD6947H,PD,0.0040,0.0360,0.0030,0.0020,0.7930,0.1490,0.0040,0.0090
SIMWD6948H,GS,0.0040,0.0030,0.9790,0.0020,0.0060,0.0020,0.0020,0.0020
SIMWD6954H,PS,0.6026,0.0220,0.0060,0.0030,0.0020,0.0020,0.0030,0.3594
SIMWD6955H,WD,0.0050,0.0030,0.0120,0.0040,0.0080,0.9379,0.0240,0.0060
SIMWD6956H,GD,0.0070,0.0540,0.0030,0.0200,0.0060,0.0160,0.8840,0.0100
SIMWD6957H,JS,0.0180,0.0080,0.0130,0.0020,0.0741,0.0040,0.1051,0.7758
SIMWD6958H,JD,0.0320,0.8691,0.0220,0.0020,0.0060,0.0250,0.0390,0.0050
SIMWD6959H,PD,0.0240,0.0020,0.0020,0.0080,0.9520,0.0020,0.0010,0.0090
SIMWD6962H,GS,0.0310,0.0060,0.7337,0.0040,0.0140,0.0190,0.1842,0.0080
SIMWD6967H,PS,0.9560,0.0070,0.0040,0.0030,0.0040,0.0160,0.0040,0.0060
SIMWD6968H,WD,0.0030,0.0170,0.0250,0.0040,0.0280,0.9141,0.0040,0.0050
SIMWD6969H,GD,0.0040,0.0040,0.0110,0.0030,0.0060,0.0250,0.9210,0.0260
SIMWD6972H,JS,0.0910,0.0120,0.0060,0.0030,0.0110,0.0150,0.0040,0.8580
