SIMGD6824H,GD,0.0070,0.0020,0.7725,0.2144,0.0020,0.0010,0.0010
SIMGD6825H,GD,0.0020,0.0140,0.9790,0.0010,0.0010,0.0020,0.0010
SIMGD6826H,GD,0.0040,0.0130,0.9610,0.0010,0.0170,0.0030,0.0010
SIMGD6827H,GD,0.0100,0.0090,0.9710,0.0030,0.0050,0.0010,0.0010
SIMGD6828H,GD,0.1820,0.0240,0.7860,0.0030,0.0020,0.0010,0.0020
SIMGD6829H,GD,0.0170,0.8981,0.0789,0.0010,0.0020,0.0020,0.0010
SIMGD6831H,GD,0.0010,0.0010,0.0010,0.0000,0.0010,0.9950,0.0010
SIMGD6833H,GD,0.0140,0.0030,0.9730,0.0030,0.0010,0.0020,0.0040
SIMGD6840H,GD,0.0060,0.0500,0.8970,0.0090,0.0290,0.0080,0.0010
SIMGD6841H,GD,0.9340,0.0080,0.0080,0.0010,0.0010,0.0460,0.0020
SIMGD6844H,GD,0.1680,0.0130,0.8080,0.0010,0.0020,0.0020,0.0060
SIMGD6846H,GD,0.8940,0.0030,0.0020,0.0010,0.0470,0.0020,0.0510
SIMGD6847H,GD,0.3250,0.0360,0.6200,0.0030,0.0090,0.0030,0.0040
SIMGD6848H,GD,0.0220,0.9070,0.0110,0.0110,0.0030,0.0440,0.0020
SIMGD6851H,GD,0.9880,0.0030,0.0020,0.0020,0.0010,0.0020,0.0020
SIMGS6764H,GS,0.9689,0.0050,0.0010,0.0010,0.0220,0.0010,0.0010
SIMGS6765H,GS,0.0070,0.0150,0.9600,0.0010,0.0030,0.0070,0.0070
SIMGS6767H,GS,0.0160,0.8690,0.0540,0.0030,0.0060,0.0480,0.0040
SIMGS6768H,GS,0.0100,0.9251,0.0330,0.0230,0.0040,0.0010,0.0040
SIMGS6769H,GS,0.0520,0.0420,0.8660,0.0040,0.0180,0.0010,0.0170
SIMGS6771H,GS,0.0030,0.0110,0.9680,0.0010,0.0020,0.0030,0.0120
SIMGS6773H,GS,0.0820,0.0130,0.8980,0.0010,0.0010,0.0030,0.0020
SIMGS6775H,GS,0.0180,0.9670,0.0030,0.0060,0.0010,0.0030,0.0020
SIMGS6776H,GS,0.0100,0.7768,0.1441,0.0140,0.0300,0.0170,0.0080
SIMGS6778H,GS,0.0010,0.0010,0.0020,0.9820,0.0120,0.0010,0.0010
SIMGS6780H,GS,0.0230,0.9410,0.0130,0.0060,0.0010,0.0010,0.0150
SIMGS6784H,GS,0.8800,0.0240,0.0130,0.0040,0.0710,0.0040,0.0040
SIMGS6785H,GS,0.0110,0.9690,0.0090,0.0030,0.0020,0.0050,0.0010
SIMGS6788H,GS,0.0050,0.0070,0.8513,0.0110,0.0150,0.0259,0.0848
SIMGS6789H,GS,0.0090,0.7213,0.1319,0.0010,0.1299,0.0040,0.0030
SIMGS6790H,GS,0.0070,0.6460,0.0090,0.1320,0.0020,0.0790,0.1250
SIMJD6884H,JD,0.1970,0.7650,0.0110,0.0080,0.0020,0.0070,0.0100
SIMJD6886H,JD,0.6304,0.1608,0.1968,0.0040,0.0020,0.0040,0.0020
SIMJD6887H,JD,0.3180,0.6220,0.0530,0.0010,0.0020,0.0030,0.0010
SIMJD6888H,JD,0.0230,0.9340,0.0070,0.0010,0.0010,0.0110,0.0230
SIMJD6894H,JD,0.8120,0.1370,0.0330,0.0130,0.0010,0.0020,0.0020
SIMJD6895H,JD,0.0010,0.0010,0.0010,0.0020,0.8990,0.0930,0.0030
SIMJD6896H,JD,0.9610,0.0150,0.0070,0.0020,0.0100,0.0020,0.0030
SIMJD6897H,JD,0.0160,0.3634,0.5886,0.0010,0.0050,0.0120,0.0140
SIMJD6898H,JD,0.8699,0.0581,0.0130,0.0040,0.0020,0.0501,0.0030
SIMJD6899H,JD,0.7800,0.0270,0.0030,0.0070,0.0120,0.1700,0.0010
SIMJD6905H,JD,0.0280,0.9340,0.0090,0.0050,0.0140,0.0010,0.0090
SIMJD6906H,JD,0.0040,0.0050,0.8360,0.0030,0.1480,0.0030,0.0010
SIMJD6907H,JD,0.3540,0.0270,0.5860,0.0060,0.0010,0.0010,0.0250
SIMJD6908H,JD,0.0060,0.8452,0.0240,0.0020,0.0030,0.0110,0.1089
SIMJD6913H,JD,0.3986,0.0020,0.0030,0.0120,0.0010,0.0010,0.5824
SIMJS6704H,JS,0.1410,0.7830,0.0530,0.0010,0.0030,0.0010,0.0180
SIMJS6706H,JS,0.0190,0.9670,0.0030,0.0040,0.0000,0.0010,0.0060
SIMJS6707H,JS,0.7423,0.0130,0.2368,0.0030,0.0020,0.0010,0.0020
SIMJS6709H,JS,0.9540,0.0050,0.0070,0.0310,0.0010,0.0010,0.0010
SIMJS6711H,JS,0.0430,0.3836,0.5634,0.0030,0.0020,0.0020,0.0030
SIMJS6713H,JS,0.0030,0.6670,0.3150,0.0020,0.0010,0.0030,0.0090
SIMJS6715H,JS,0.0010,0.0020,0.0020,0.0010,0.0000,0.0010,0.9930
SIMJS6716H,JS,0.0020,0.9209,0.0050,0.0010,0.0010,0.0060,0.0641
SIMJS6717H,JS,0.9041,0.0380,0.0110,0.0300,0.0040,0.0090,0.0040
SIMJS6718H,JS,0.0130,0.9181,0.0569,0.0030,0.0010,0.0010,0.0070
SIMJS6725H,JS,0.0110,0.3477,0.1009,0.5115,0.0140,0.0120,0.0030
SIMJS6726H,JS,0.9070,0.0210,0.0540,0.0140,0.0020,0.0010,0.0010
SIMJS6727H,JS,0.0160,0.5734,0.3956,0.0050,0.0050,0.0010,0.0040
SIMJS6728H,JS,0.0050,0.0180,0.9089,0.0030,0.0631,0.0010,0.0010
SIMPD7015H,PD,0.0060,0.9450,0.0030,0.0320,0.0060,0.0010,0.0070
SIMPD7016H,PD,0.8611,0.0290,0.0040,0.0969,0.0010,0.0010,0.0070
SIMPD7018H,PD,0.0740,0.3430,0.5480,0.0110,0.0030,0.0120,0.0090
SIMPD7019H,PD,0.0130,0.9020,0.0210,0.0160,0.0330,0.0010,0.0140
SIMPD7021H,PD,0.0010,0.0010,0.0010,0.9940,0.0010,0.0010,0.0010
SIMPD7022H,PD,0.0160,0.9421,0.0090,0.0020,0.0010,0.0020,0.0280
SIMPD7023H,PD,0.3804,0.5055,0.0110,0.0951,0.0020,0.0050,0.0010
SIMPD7024H,PD,0.0050,0.9720,0.0060,0.0040,0.0020,0.0070,0.0040
SIMPD7025H,PD,0.1339,0.0200,0.8202,0.0130,0.0060,0.0050,0.0020
SIMPD7027H,PD,0.0150,0.9710,0.0070,0.0010,0.0020,0.0010,0.0030
SIMPD7035H,PD,0.9081,0.0460,0.0280,0.0030,0.0080,0.0020,0.0050
SIMPD7036H,PD,0.0060,0.6970,0.0130,0.0030,0.0060,0.2690,0.0060
SIMPD7037H,PD,0.9600,0.0110,0.0080,0.0020,0.0020,0.0140,0.0030
SIMPD7040H,PD,0.0590,0.8780,0.0110,0.0480,0.0010,0.0020,0.0010
SIMPD7041H,PD,0.0090,0.9419,0.0020,0.0090,0.0030,0.0310,0.0040
SIMPS6633H,PS,0.7538,0.0040,0.2262,0.0010,0.0060,0.0070,0.0020
SIMPS6634H,PS,0.0060,0.9710,0.0060,0.0120,0.0020,0.0010,0.0020
SIMPS6635H,PS,0.7017,0.0100,0.0140,0.1972,0.0150,0.0090,0.0531
SIMPS6638H,PS,0.0759,0.8991,0.0100,0.0080,0.0010,0.0050,0.0010
SIMPS6639H,PS,0.0100,0.9550,0.0290,0.0010,0.0020,0.0020,0.0010
SIMPS6641H,PS,0.2020,0.2800,0.5110,0.0010,0.0010,0.0040,0.0010
SIMPS6642H,PS,0.0911,0.8749,0.0220,0.0010,0.0030,0.0010,0.0070
SIMPS6643H,PS,0.0200,0.0260,0.9371,0.0010,0.0020,0.0020,0.0120
SIMPS6644H,PS,0.0120,0.9650,0.0140,0.0010,0.0010,0.0040,0.0030
SIMPS6645H,PS,0.8670,0.0560,0.0320,0.0390,0.0030,0.0010,0.0020
SIMPS6646H,PS,0.0150,0.0040,0.8380,0.0140,0.0020,0.1250,0.0020
SIMPS6652H,PS,0.8340,0.0260,0.0870,0.0240,0.0030,0.0090,0.0170
SIMPS6654H,PS,0.3160,0.5650,0.0230,0.0050,0.0020,0.0870,0.0020
SIMPS6657H,PS,0.9049,0.0450,0.0090,0.0060,0.0010,0.0170,0.0170
SIMPS6658H,PS,0.0150,0.9050,0.0230,0.0040,0.0170,0.0040,0.0320
SIMPS6661H,PS,0.9670,0.0060,0.0090,0.0150,0.0010,0.0010,0.0010
SIMWD6945H,WD,0.0130,0.8052,0.0659,0.0170,0.0889,0.0010,0.0090
SIMWD6947H,WD,0.0100,0.0060,0.9660,0.0030,0.0040,0.0070,0.0040
SIMWD6948H,WD,0.0010,0.0010,0.0010,0.0010,0.9940,0.0010,0.0010
SIMWD6954H,WD,0.0210,0.1039,0.8671,0.0040,0.0010,0.0010,0.0020
SIMWD6955H,WD,0.0060,0.0090,0.9580,0.0030,0.0150,0.0030,0.0060
SIMWD6956H,WD,0.3950,0.0180,0.4650,0.0010,0.0120,0.0010,0.1080
SIMWD6957H,WD,0.0120,0.0080,0.9570,0.0170,0.0040,0.0010,0.0010
SIMWD6958H,WD,0.0180,0.7650,0.2000,0.0010,0.0030,0.0020,0.0110
SIMWD6959H,WD,0.0711,0.0050,0.6533,0.0050,0.1052,0.0962,0.0641
SIMWD6962H,WD,0.7692,0.1219,0.0929,0.0010,0.0090,0.0010,0.0050
SIMWD6967H,WD,0.0310,0.0150,0.9390,0.0070,0.0020,0.0040,0.0020
SIMWD6968H,WD,0.2540,0.6870,0.0470,0.0040,0.0030,0.0030,0.0020
SIMWD6969H,WD,0.0791,0.9059,0.0080,0.0010,0.0030,0.0010,0.0020
SIMWD6972H,WD,0.0080,0.9580,0.0170,0.0020,0.0030,0.0100,0.0020
