SIMGD6824H,GD,0.0270,0.0080,0.0050,0.8921,0.0080,0.0020,0.0579
SIMGD6825H,GD,0.1638,0.7333,0.0899,0.0030,0.0060,0.0020,0.0020
SIMGD6826H,GD,0.0260,0.3976,0.4845,0.0440,0.0140,0.0030,0.0310
SIMGD6827H,GD,0.0170,0.0080,0.9210,0.0190,0.0070,0.0030,0.0250
SIMGD6828H,GD,0.0260,0.6730,0.0210,0.2470,0.0090,0.0060,0.0180
SIMGD6829H,GD,0.2018,0.4955,0.2498,0.0150,0.0070,0.0290,0.0020
SIMGD6831H,GD,0.8340,0.0110,0.0020,0.0020,0.0150,0.1310,0.0050
SIMGD6833H,GD,0.7027,0.2362,0.0210,0.0230,0.0070,0.0030,0.0070
SIMGD6840H,GD,0.0370,0.8030,0.0110,0.0250,0.0940,0.0270,0.0030
SIMGD6841H,GD,0.1788,0.5095,0.0250,0.2687,0.0090,0.0070,0.0020
SIMGD6844H,GD,0.0130,0.0340,0.9291,0.0020,0.0130,0.0040,0.0050
SIMGD6846H,GD,0.0080,0.0070,0.0030,0.0150,0.9640,0.0020,0.0010
SIMGD6847H,GD,0.1808,0.5824,0.0130,0.0090,0.1858,0.0040,0.0250
SIMGD6848H,GD,0.0110,0.8108,0.1061,0.0410,0.0060,0.0050,0.0200
SIMGD6851H,GD,0.0110,0.1120,0.0040,0.8550,0.0020,0.0030,0.0130
SIMGS6764H,GS,0.0250,0.5440,0.0860,0.0060,0.3210,0.0060,0.0120
SIMGS6765H,GS,0.9520,0.0070,0.0070,0.0130,0.0130,0.0060,0.0020
SIMGS6767H,GS,0.0420,0.1732,0.3173,0.0030,0.3824,0.0771,0.0050
SIMGS6768H,GS,0.0040,0.0060,0.7393,0.0569,0.0170,0.0879,0.0889
SIMGS6769H,GS,0.3830,0.0250,0.0410,0.2060,0.3080,0.0010,0.0360
SIMGS6771H,GS,0.7894,0.0469,0.0589,0.0050,0.0948,0.0020,0.0030
SIMGS6773H,GS,0.8350,0.0160,0.0200,0.0020,0.1110,0.0150,0.0010
SIMGS6775H,GS,0.0150,0.2090,0.7430,0.0080,0.0060,0.0170,0.0020
SIMGS6776H,GS,0.0140,0.0810,0.5210,0.0020,0.2560,0.0540,0.0720
SIMGS6778H,GS,0.0010,0.0020,0.0020,0.0020,0.0020,0.0010,0.9900
SIMGS6780H,GS,0.0100,0.8388,0.0140,0.0210,0.1041,0.0030,0.0090
SIMGS6784H,GS,0.9379,0.0090,0.0060,0.0250,0.0120,0.0070,0.0030
SIMGS6785H,GS,0.0460,0.0100,0.9150,0.0090,0.0130,0.0050,0.0020
SIMGS6788H,GS,0.0630,0.8860,0.0050,0.0270,0.0090,0.0050,0.0050
SIMGS6789H,GS,0.4030,0.1900,0.3470,0.0100,0.0290,0.0190,0.0020
SIMGS6790H,GS,0.0160,0.5530,0.0060,0.0060,0.3980,0.0180,0.0030
SIMJD6884H,JD,0.0220,0.5846,0.0440,0.0110,0.0160,0.1782,0.1441
SIMJD6886H,JD,0.2970,0.0330,0.6180,0.0090,0.0390,0.0030,0.0010
SIMJD6887H,JD,0.0250,0.8611,0.0819,0.0080,0.0050,0.0030,0.0160
SIMJD6888H,JD,0.0210,0.5806,0.3463,0.0100,0.0330,0.0080,0.0010
SIMJD6894H,JD,0.5650,0.0500,0.2640,0.0990,0.0040,0.0170,0.0010
SIMJD6895H,JD,0.0020,0.0010,0.0030,0.0010,0.0040,0.9870,0.0020
SIMJD6896H,JD,0.0930,0.7650,0.0510,0.0040,0.0710,0.0040,0.0120
SIMJD6897H,JD,0.0090,0.9290,0.0280,0.0030,0.0210,0.0080,0.0020
SIMJD6898H,JD,0.1280,0.6540,0.0470,0.0180,0.0090,0.0070,0.1370
SIMJD6899H,JD,0.0070,0.9129,0.0120,0.0100,0.0060,0.0410,0.0110
SIMJD6905H,JD,0.0370,0.1848,0.1249,0.0240,0.5215,0.0160,0.0919
SIMJD6906H,JD,0.0080,0.5435,0.0080,0.0230,0.4104,0.0010,0.0060
SIMJD6907H,JD,0.3900,0.5560,0.0240,0.0030,0.0040,0.0100,0.0130
SIMJD6908H,JD,0.0380,0.9160,0.0150,0.0100,0.0180,0.0020,0.0010
SIMJD6913H,JD,0.0070,0.0050,0.0030,0.0030,0.9730,0.0030,0.0060
SIMJS6704H,JS,0.0290,0.9369,0.0110,0.0070,0.0090,0.0040,0.0030
SIMJS6706H,JS,0.0210,0.0350,0.9071,0.0280,0.0020,0.0050,0.0020
SIMJS6707H,JS,0.4990,0.3990,0.0720,0.0090,0.0100,0.0050,0.0060
SIMJS6709H,JS,0.8749,0.0070,0.0110,0.0040,0.0090,0.0270,0.0671
SIMJS6711H,JS,0.1430,0.0580,0.7760,0.0110,0.0080,0.0020,0.0020
SIMJS6713H,JS,0.0780,0.7650,0.0470,0.0610,0.0170,0.0170,0.0150
SIMJS6715H,JS,0.0010,0.0010,0.0010,0.0010,0.0020,0.9930,0.0010
SIMJS6716H,JS,0.0050,0.9660,0.0080,0.0040,0.0120,0.0030,0.0020
SIMJS6717H,JS,0.3730,0.3610,0.0630,0.1600,0.0020,0.0190,0.0220
SIMJS6718H,JS,0.8460,0.0660,0.0520,0.0030,0.0190,0.0100,0.0040
SIMJS6725H,JS,0.0050,0.0040,0.0100,0.0410,0.7480,0.1790,0.0130
SIMJS6726H,JS,0.0040,0.0500,0.6360,0.2900,0.0120,0.0040,0.0040
SIMJS6727H,JS,0.0210,0.7260,0.0100,0.2250,0.0130,0.0030,0.0020
SIMJS6728H,JS,0.0490,0.6294,0.0290,0.0040,0.2547,0.0280,0.0060
SIMPD7015H,PD,0.0571,0.1171,0.4955,0.0080,0.2633,0.0561,0.0030
SIMPD7016H,PD,0.0070,0.6390,0.1590,0.1760,0.0150,0.0030,0.0010
SIMPD7018H,PD,0.0170,0.9200,0.0080,0.0410,0.0060,0.0030,0.0050
SIMPD7019H,PD,0.0440,0.0040,0.8120,0.0720,0.0070,0.0200,0.0410
SIMPD7021H,PD,0.0020,0.0020,0.0020,0.9830,0.0050,0.0010,0.0050
SIMPD7022H,PD,0.0969,0.6434,0.0889,0.0559,0.0659,0.0130,0.0360
SIMPD7023H,PD,0.4995,0.0649,0.1658,0.1049,0.1469,0.0040,0.0140
SIMPD7024H,PD,0.2513,0.6747,0.0190,0.0030,0.0040,0.0160,0.0320
SIMPD7025H,PD,0.7940,0.0150,0.0200,0.1370,0.0280,0.0020,0.0040
SIMPD7027H,PD,0.2390,0.6840,0.0490,0.0120,0.0020,0.0120,0.0020
SIMPD7035H,PD,0.0070,0.0150,0.7730,0.0070,0.0060,0.0150,0.1770
SIMPD7036H,PD,0.0420,0.1180,0.7200,0.0030,0.0930,0.0170,0.0070
SIMPD7037H,PD,0.7870,0.0160,0.1010,0.0160,0.0130,0.0050,0.0620
SIMPD7040H,PD,0.6446,0.0631,0.0050,0.2593,0.0120,0.0120,0.0040
SIMPD7041H,PD,0.5420,0.0310,0.3580,0.0050,0.0080,0.0060,0.0500
SIMPS6633H,PS,0.9510,0.0140,0.0170,0.0090,0.0040,0.0030,0.0020
SIMPS6634H,PS,0.0471,0.9098,0.0240,0.0060,0.0070,0.0030,0.0030
SIMPS6635H,PS,0.6340,0.1270,0.0090,0.1720,0.0480,0.0070,0.0030
SIMPS6638H,PS,0.0580,0.0050,0.9170,0.0040,0.0120,0.0010,0.0030
SIMPS6639H,PS,0.6430,0.2980,0.0420,0.0060,0.0040,0.0050,0.0020
SIMPS6641H,PS,0.0090,0.3674,0.5886,0.0070,0.0150,0.0080,0.0050
SIMPS6642H,PS,0.0210,0.7447,0.0711,0.0060,0.0200,0.0050,0.1321
SIMPS6643H,PS,0.6533,0.0331,0.0701,0.0170,0.1533,0.0501,0.0230
SIMPS6644H,PS,0.5614,0.3866,0.0270,0.0040,0.0050,0.0060,0.0100
SIMPS6645H,PS,0.0310,0.0871,0.8078,0.0310,0.0260,0.0030,0.0140
SIMPS6646H,PS,0.7147,0.0440,0.0420,0.0040,0.0090,0.0080,0.1782
SIMPS6652H,PS,0.7403,0.1888,0.0120,0.0330,0.0110,0.0120,0.0030
SIMPS6654H,PS,0.7453,0.0140,0.0140,0.0040,0.1658,0.0020,0.0549
SIMPS6657H,PS,0.0130,0.8991,0.0250,0.0400,0.0110,0.0080,0.0040
SIMPS6658H,PS,0.0370,0.5526,0.3524,0.0100,0.0280,0.0150,0.0050
SIMPS6661H,PS,0.0270,0.0180,0.8370,0.0110,0.0050,0.0020,0.1000
SIMWD6945H,WD,0.0110,0.0511,0.4114,0.0060,0.4565,0.0060,0.0581
SIMWD6947H,WD,0.0120,0.0300,0.9250,0.0160,0.0100,0.0050,0.0020
SIMWD6948H,WD,0.0030,0.0060,0.0030,0.0030,0.9800,0.0030,0.0020
SIMWD6954H,WD,0.0220,0.9230,0.0070,0.0070,0.0110,0.0020,0.0280
SIMWD6955H,WD,0.0270,0.1900,0.6940,0.0080,0.0260,0.0090,0.0460
SIMWD6956H,WD,0.0110,0.0140,0.4955,0.0561,0.4084,0.0130,0.0020
SIMWD6957H,WD,0.0220,0.0460,0.9109,0.0140,0.0040,0.0010,0.0020
SIMWD6958H,WD,0.4780,0.1370,0.0220,0.0050,0.2540,0.0550,0.0490
SIMWD6959H,WD,0.0890,0.5770,0.0060,0.0090,0.0070,0.2940,0.0180
SIMWD6962H,WD,0.2208,0.6154,0.0669,0.0290,0.0539,0.0060,0.0080
SIMWD6967H,WD,0.8500,0.0150,0.0890,0.0130,0.0310,0.0010,0.0010
SIMWD6968H,WD,0.0839,0.8302,0.0300,0.0060,0.0350,0.0080,0.0070
SIMWD6969H,WD,0.0120,0.9540,0.0070,0.0040,0.0180,0.0020,0.0030
SIMWD6972H,WD,0.0170,0.6770,0.0160,0.0030,0.1650,0.1200,0.0020
