SIMGD6824H,GD,0.4790,0.1890,0.3320
SIMGD6825H,GD,0.3560,0.3790,0.2650
SIMGD6826H,GD,0.3340,0.3680,0.2980
SIMGD6827H,GD,0.3270,0.3550,0.3180
SIMGD6828H,GD,0.4110,0.3310,0.2580
SIMGD6829H,GD,0.3906,0.3187,0.2907
SIMGD6831H,GD,0.2907,0.3427,0.3666
SIMGD6833H,GD,0.5140,0.2120,0.2740
SIMGD6840H,GD,0.4130,0.3570,0.2300
SIMGD6841H,GD,0.3700,0.3690,0.2610
SIMGD6844H,GD,0.4540,0.2860,0.2600
SIMGD6846H,GD,0.4036,0.3087,0.2877
SIMGD6847H,GD,0.3680,0.3130,0.3190
SIMGD6848H,GD,0.3974,0.3413,0.2613
SIMGD6851H,GD,0.3233,0.3263,0.3504
SIMGS6764H,GS,0.4360,0.2530,0.3110
SIMGS6765H,GS,0.3990,0.3060,0.2950
SIMGS6767H,GS,0.3690,0.3540,0.2770
SIMGS6768H,GS,0.3656,0.3846,0.2498
SIMGS6769H,GS,0.3420,0.3390,0.3190
SIMGS6771H,GS,0.4254,0.3273,0.2472
SIMGS6773H,GS,0.3750,0.3150,0.3100
SIMGS6775H,GS,0.2920,0.3680,0.3400
SIMGS6776H,GS,0.3390,0.3870,0.2740
SIMGS6778H,GS,0.4296,0.2607,0.3097
SIMGS6780H,GS,0.3267,0.4056,0.2677
SIMGS6784H,GS,0.3437,0.3576,0.2987
SIMGS6785H,GS,0.4390,0.2560,0.3050
SIMGS6788H,GS,0.4030,0.3150,0.2820
SIMGS6789H,GS,0.4765,0.2563,0.2673
SIMGS6790H,GS,0.2730,0.4430,0.2840
SIMJD6884H,JD,0.3430,0.3650,0.2920
SIMJD6886H,JD,0.3660,0.3510,0.2830
SIMJD6887H,JD,0.2910,0.4250,0.2840
SIMJD6888H,JD,0.3580,0.3480,0.2940
SIMJD6894H,JD,0.3430,0.3510,0.3060
SIMJD6895H,JD,0.5390,0.2050,0.2560
SIMJD6896H,JD,0.4420,0.3130,0.2450
SIMJD6897H,JD,0.3330,0.3500,0.3170
SIMJD6898H,JD,0.3770,0.3700,0.2530
SIMJD6899H,JD,0.3900,0.3100,0.3000
SIMJD6905H,JD,0.3670,0.3300,0.3030
SIMJD6906H,JD,0.3720,0.3480,0.2800
SIMJD6907H,JD,0.3450,0.3570,0.2980
SIMJD6908H,JD,0.3680,0.3440,0.2880
SIMJD6913H,JD,0.2490,0.4280,0.3230
SIMJS6704H,JS,0.3460,0.3880,0.2660
SIMJS6706H,JS,0.3670,0.3670,0.2660
SIMJS6707H,JS,0.4234,0.2543,0.3223
SIMJS6709H,JS,0.4140,0.3150,0.2710
SIMJS6711H,JS,0.3580,0.3460,0.2960
SIMJS6713H,JS,0.3350,0.3870,0.2780
SIMJS6715H,JS,0.1310,0.5890,0.2800
SIMJS6716H,JS,0.2677,0.4515,0.2807
SIMJS6717H,JS,0.2940,0.3860,0.3200
SIMJS6718H,JS,0.3736,0.3167,0.3097
SIMJS6725H,JS,0.4126,0.2637,0.3237
SIMJS6726H,JS,0.3560,0.3540,0.2900
SIMJS6727H,JS,0.3524,0.3443,0.3033
SIMJS6728H,JS,0.4100,0.2770,0.3130
SIMPD7015H,PD,0.3820,0.3820,0.2360
SIMPD7016H,PD,0.3210,0.4140,0.2650
SIMPD7018H,PD,0.3570,0.4050,0.2380
SIMPD7019H,PD,0.4406,0.2378,0.3217
SIMPD7021H,PD,0.1622,0.5516,0.2863
SIMPD7022H,PD,0.3584,0.3504,0.2913
SIMPD7023H,PD,0.4250,0.2870,0.2880
SIMPD7024H,PD,0.3490,0.3370,0.3140
SIMPD7025H,PD,0.4680,0.2950,0.2370
SIMPD7027H,PD,0.3780,0.3750,0.2470
SIMPD7035H,PD,0.3840,0.3580,0.2580
SIMPD7036H,PD,0.3160,0.3690,0.3150
SIMPD7037H,PD,0.3940,0.3350,0.2710
SIMPD7040H,PD,0.3770,0.3470,0.2760
SIMPD7041H,PD,0.3050,0.3680,0.3270
SIMPS6633H,PS,0.4344,0.2823,0.2833
SIMPS6634H,PS,0.2870,0.4280,0.2850
SIMPS6635H,PS,0.2630,0.4070,0.3300
SIMPS6638H,PS,0.3780,0.3690,0.2530
SIMPS6639H,PS,0.3594,0.3493,0.2913
SIMPS6641H,PS,0.3500,0.3630,0.2870
SIMPS6642H,PS,0.3724,0.3353,0.2923
SIMPS6643H,PS,0.3530,0.3600,0.2870
SIMPS6644H,PS,0.3437,0.4006,0.2557
SIMPS6645H,PS,0.3030,0.4060,0.2910
SIMPS6646H,PS,0.4815,0.2468,0.2717
SIMPS6652H,PS,0.4426,0.3277,0.2298
SIMPS6654H,PS,0.4670,0.2480,0.2850
SIMPS6657H,PS,0.3350,0.4170,0.2480
SIMPS6658H,PS,0.3726,0.3836,0.2438
SIMPS6661H,PS,0.3540,0.4100,0.2360
SIMWD6945H,WD,0.4110,0.3250,0.2640
SIMWD6947H,WD,0.3060,0.4020,0.2920
SIMWD6948H,WD,0.4810,0.2690,0.2500
SIMWD6954H,WD,0.4434,0.2883,0.2683
SIMWD6955H,WD,0.3980,0.3760,0.2260
SIMWD6956H,WD,0.4006,0.3746,0.2248
SIMWD6957H,WD,0.3690,0.3170,0.3140
SIMWD6958H,WD,0.3250,0.3690,0.3060
SIMWD6959H,WD,0.4020,0.3250,0.2730
SIMWD6962H,WD,0.4050,0.3220,0.2730
SIMWD6967H,WD,0.4360,0.2620,0.3020
SIMWD6968H,WD,0.3760,0.3070,0.3170
SIMWD6969H,WD,0.2570,0.4630,0.2800
SIMWD6972H,WD,0.3170,0.3690,0.3140
