SIMGD6824H,GD,0.3607,0.0036,0.1780,0.1275,0.0239,0.0017,0.3046
SIMGD6825H,GD,0.2418,0.1789,0.5455,0.0079,0.0034,0.0195,0.0030
SIMGD6826H,GD,0.3915,0.3186,0.2212,0.0114,0.0159,0.0078,0.0337
SIMGD6827H,GD,0.3180,0.1836,0.4535,0.0072,0.0226,0.0022,0.0129
SIMGD6828H,GD,0.2214,0.4867,0.1747,0.0302,0.0125,0.0069,0.0676
SIMGD6829H,GD,0.0876,0.5351,0.2366,0.1047,0.0197,0.0110,0.0053
SIMGD6831H,GD,0.0864,0.0110,0.0165,0.0014,0.0038,0.8777,0.0032
SIMGD6833H,GD,0.4373,0.0520,0.4302,0.0105,0.0041,0.0043,0.0616
SIMGD6840H,GD,0.0990,0.5425,0.2764,0.0126,0.0477,0.0179,0.0039
SIMGD6841H,GD,0.4059,0.2809,0.1179,0.0291,0.0106,0.0177,0.1380
SIMGD6844H,GD,0.3871,0.1407,0.4236,0.0251,0.0147,0.0037,0.0051
SIMGD6846H,GD,0.2850,0.0873,0.0039,0.0044,0.5859,0.0249,0.0086
SIMGD6847H,GD,0.0624,0.6324,0.1645,0.0061,0.1130,0.0087,0.0129
SIMGD6848H,GD,0.0770,0.7009,0.0820,0.0487,0.0318,0.0406,0.0192
SIMGD6851H,GD,0.5753,0.1144,0.0068,0.0891,0.0024,0.0180,0.1940
SIMGS6764H,GS,0.1073,0.5573,0.2728,0.0062,0.0431,0.0077,0.0056
SIMGS6765H,GS,0.3544,0.0144,0.5909,0.0076,0.0094,0.0203,0.0030
SIMGS6767H,GS,0.0427,0.5286,0.2935,0.0499,0.0516,0.0281,0.0056
SIMGS6768H,GS,0.1071,0.4053,0.2908,0.1081,0.0414,0.0213,0.0261
SIMGS6769H,GS,0.3137,0.1365,0.3035,0.1090,0.0647,0.0022,0.0704
SIMGS6771H,GS,0.1146,0.0744,0.7346,0.0046,0.0543,0.0055,0.0121
SIMGS6773H,GS,0.1784,0.2370,0.5239,0.0041,0.0335,0.0170,0.0061
SIMGS6775H,GS,0.1636,0.2680,0.4076,0.1422,0.0058,0.0098,0.0030
SIMGS6776H,GS,0.0835,0.4396,0.2033,0.0548,0.1465,0.0391,0.0331
SIMGS6778H,GS,0.0034,0.0024,0.0033,0.3060,0.0984,0.0017,0.5848
SIMGS6780H,GS,0.1598,0.5070,0.2311,0.0553,0.0307,0.0020,0.0141
SIMGS6784H,GS,0.6499,0.0098,0.1402,0.0139,0.1546,0.0038,0.0278
SIMGS6785H,GS,0.1112,0.2819,0.4830,0.1023,0.0118,0.0077,0.0021
SIMGS6788H,GS,0.0241,0.2905,0.5539,0.0249,0.0137,0.0664,0.0265
SIMGS6789H,GS,0.2538,0.3234,0.2632,0.0115,0.1298,0.0123,0.0060
SIMGS6790H,GS,0.1014,0.5046,0.0470,0.1880,0.0736,0.0689,0.0165
SIMJD6884H,JD,0.2845,0.5894,0.0326,0.0134,0.0075,0.0383,0.0343
SIMJD6886H,JD,0.2712,0.2024,0.4096,0.0933,0.0157,0.0032,0.0047
SIMJD6887H,JD,0.1576,0.3370,0.4582,0.0100,0.0046,0.0084,0.0241
SIMJD6888H,JD,0.0411,0.5793,0.3209,0.0287,0.0110,0.0108,0.0082
SIMJD6894H,JD,0.2503,0.5088,0.1537,0.0324,0.0063,0.0204,0.0281
SIMJD6895H,JD,0.0037,0.0048,0.0058,0.1017,0.2969,0.5852,0.0019
SIMJD6896H,JD,0.4066,0.3672,0.1499,0.0078,0.0328,0.0082,0.0275
SIMJD6897H,JD,0.1230,0.2959,0.5199,0.0361,0.0068,0.0129,0.0054
SIMJD6898H,JD,0.1224,0.5839,0.1060,0.0301,0.0250,0.0640,0.0687
SIMJD6899H,JD,0.3935,0.3106,0.0567,0.0059,0.0066,0.1260,0.1007
SIMJD6905H,JD,0.1734,0.3276,0.1828,0.1076,0.1785,0.0087,0.0214
SIMJD6906H,JD,0.2106,0.3261,0.2922,0.0220,0.1054,0.0063,0.0375
SIMJD6907H,JD,0.2861,0.2488,0.4070,0.0108,0.0082,0.0128,0.0262
SIMJD6908H,JD,0.3255,0.3165,0.2304,0.0107,0.0769,0.0083,0.0317
SIMJD6913H,JD,0.1309,0.0285,0.1645,0.1074,0.4986,0.0062,0.0639
SIMJS6704H,JS,0.1700,0.2166,0.5875,0.0044,0.0073,0.0039,0.0103
SIMJS6706H,JS,0.2525,0.1966,0.4016,0.0990,0.0077,0.0072,0.0354
SIMJS6707H,JS,0.3906,0.1607,0.3522,0.0621,0.0158,0.0053,0.0133
SIMJS6709H,JS,0.5853,0.0735,0.2307,0.0080,0.0113,0.0056,0.0856
SIMJS6711H,JS,0.2839,0.2233,0.4711,0.0060,0.0065,0.0023,0.0069
SIMJS6713H,JS,0.0455,0.5600,0.3062,0.0283,0.0088,0.0109,0.0403
SIMJS6715H,JS,0.0997,0.1022,0.0038,0.1017,0.0037,0.3951,0.2938
SIMJS6716H,JS,0.2526,0.4571,0.0489,0.1989,0.0294,0.0039,0.0092
SIMJS6717H,JS,0.2175,0.5218,0.1430,0.0322,0.0162,0.0466,0.0228
SIMJS6718H,JS,0.2513,0.2842,0.3962,0.0227,0.0254,0.0159,0.0043
SIMJS6725H,JS,0.0090,0.1863,0.3303,0.1693,0.1939,0.1000,0.0112
SIMJS6726H,JS,0.3610,0.0647,0.3437,0.1329,0.0360,0.0022,0.0596
SIMJS6727H,JS,0.2262,0.4111,0.2934,0.0328,0.0144,0.0034,0.0187
SIMJS6728H,JS,0.0289,0.3649,0.5082,0.0331,0.0401,0.0138,0.0110
SIMPD7015H,PD,0.0507,0.4164,0.3149,0.1470,0.0456,0.0194,0.0059
SIMPD7016H,PD,0.1656,0.1283,0.5491,0.1305,0.0128,0.0074,0.0062
SIMPD7018H,PD,0.2634,0.3713,0.2142,0.0565,0.0134,0.0289,0.0523
SIMPD7019H,PD,0.0172,0.5505,0.2313,0.1182,0.0355,0.0084,0.0389
SIMPD7021H,PD,0.1026,0.0132,0.0059,0.8679,0.0028,0.0013,0.0063
SIMPD7022H,PD,0.3753,0.2590,0.1767,0.1279,0.0201,0.0052,0.0359
SIMPD7023H,PD,0.3052,0.3620,0.1546,0.0653,0.0567,0.0060,0.0501
SIMPD7024H,PD,0.0466,0.5626,0.2436,0.1162,0.0038,0.0089,0.0182
SIMPD7025H,PD,0.5927,0.0303,0.2019,0.0329,0.0950,0.0099,0.0372
SIMPD7027H,PD,0.3778,0.3933,0.1973,0.0183,0.0028,0.0042,0.0063
SIMPD7035H,PD,0.4977,0.1120,0.2381,0.0340,0.0097,0.0041,0.1044
SIMPD7036H,PD,0.0438,0.4483,0.3061,0.0077,0.0434,0.1423,0.0083
SIMPD7037H,PD,0.3425,0.2902,0.2967,0.0058,0.0109,0.0173,0.0366
SIMPD7040H,PD,0.2942,0.3675,0.1856,0.1088,0.0198,0.0078,0.0163
SIMPD7041H,PD,0.1452,0.3741,0.2943,0.0179,0.0829,0.0570,0.0286
SIMPS6633H,PS,0.2822,0.2527,0.4388,0.0044,0.0063,0.0049,0.0107
SIMPS6634H,PS,0.1268,0.4690,0.3155,0.0686,0.0117,0.0030,0.0055
SIMPS6635H,PS,0.5482,0.0265,0.2402,0.1177,0.0279,0.0232,0.0163
SIMPS6638H,PS,0.2055,0.1978,0.4638,0.1098,0.0060,0.0069,0.0102
SIMPS6639H,PS,0.4485,0.3143,0.1692,0.0112,0.0473,0.0035,0.0060
SIMPS6641H,PS,0.0662,0.1851,0.6828,0.0237,0.0071,0.0108,0.0243
SIMPS6642H,PS,0.1552,0.3834,0.3420,0.0550,0.0259,0.0032,0.0353
SIMPS6643H,PS,0.1901,0.2067,0.4896,0.0217,0.0609,0.0118,0.0192
SIMPS6644H,PS,0.1982,0.3020,0.4249,0.0523,0.0128,0.0050,0.0047
SIMPS6645H,PS,0.2042,0.3193,0.3548,0.0478,0.0529,0.0152,0.0058
SIMPS6646H,PS,0.2612,0.3882,0.1042,0.0179,0.0076,0.0958,0.1251
SIMPS6652H,PS,0.3309,0.2868,0.1713,0.0113,0.1333,0.0314,0.0350
SIMPS6654H,PS,0.2990,0.3263,0.1430,0.0097,0.1102,0.0500,0.0618
SIMPS6657H,PS,0.3408,0.3696,0.2194,0.0135,0.0115,0.0083,0.0370
SIMPS6658H,PS,0.0932,0.5629,0.2541,0.0121,0.0433,0.0108,0.0236
SIMPS6661H,PS,0.3901,0.0734,0.4315,0.0236,0.0301,0.0043,0.0470
SIMWD6945H,WD,0.0385,0.4532,0.3094,0.0162,0.1685,0.0047,0.0095
SIMWD6947H,WD,0.0742,0.2266,0.6018,0.0703,0.0103,0.0113,0.0055
SIMWD6948H,WD,0.0055,0.1964,0.1007,0.0029,0.6912,0.0017,0.0016
SIMWD6954H,WD,0.1764,0.4935,0.2805,0.0092,0.0078,0.0023,0.0303
SIMWD6955H,WD,0.0991,0.1239,0.6612,0.0408,0.0152,0.0277,0.0321
SIMWD6956H,WD,0.2413,0.2083,0.3314,0.0108,0.1734,0.0053,0.0296
SIMWD6957H,WD,0.0343,0.1721,0.7567,0.0160,0.0082,0.0096,0.0032
SIMWD6958H,WD,0.1451,0.3978,0.3691,0.0038,0.0358,0.0284,0.0199
SIMWD6959H,WD,0.4754,0.0667,0.1375,0.0048,0.1032,0.1471,0.0652
SIMWD6962H,WD,0.1868,0.3423,0.3804,0.0499,0.0163,0.0153,0.0090
SIMWD6967H,WD,0.3151,0.2357,0.4007,0.0235,0.0121,0.0068,0.0061
SIMWD6968H,WD,0.3503,0.3354,0.1827,0.0232,0.0889,0.0060,0.0135
SIMWD6969H,WD,0.4043,0.3617,0.1418,0.0476,0.0350,0.0029,0.0067
SIMWD6972H,WD,0.1720,0.6240,0.0992,0.0255,0.0343,0.0415,0.0035
