
Using the parameter settings in the file: 
''sint_2f_1470544695/clumpp_K4.paramfile''

Parameter settings
----------------------- Main parameters -------------------------
DATATYPE = 0
INDFILE = sint_2f_1470544695/clumpp_K4.ind
POPFILE = 
OUTFILE = sint_2f_1470544695/clumpp_K4.out
MISCFILE = sint_2f_1470544695/clumpp_K4.misc
K = 4
C = 105
R = 10
M = 2
W = 1
S = 2
- Additional options for the Greedy and LargeKGreedy algorithms -
GREEDY_OPTION = 2
REPEATS = 1000
PERMUTATIONFILE = 
----------------------- Optional outputs ------------------------
PRINT_PERMUTED_DATA = 2
PERMUTED_DATAFILE = sint_2f_1470544695/clumpp_K4_perm
PRINT_EVERY_PERM = 0
EVERY_PERMFILE = 
PRINT_RANDOM_INPUTORDER = 0
RANDOM_INPUTORDERFILE = 
----------------------- Advanced options ------------------------
OVERRIDE_WARNINGS = 0
ORDER_BY_RUN = 1


In total, 1000 configurations of runs and clusters will be tested.

Results
------------------------------
The highest value of H' is: 0.69369149733281

The list of permutations of the clusters that produces that
H' value is (runs are listed sequentially on separate rows)

1 2 3 4 
4 3 2 1 
2 4 3 1 
3 4 1 2 
3 4 1 2 
3 1 2 4 
3 4 1 2 
2 4 1 3 
1 3 2 4 
2 1 4 3 

The pairwise G' values for each pair of runs where the clusters
of each run are permuted according to the list of permutations above

1.0000 0.5241 0.5232 0.5307 0.5353 0.5298 0.5295 0.5322 0.5108 0.5121 
0.5241 1.0000 0.9162 0.9233 0.9135 0.9063 0.9229 0.9221 0.4721 0.4594 
0.5232 0.9162 1.0000 0.9238 0.9031 0.9164 0.9200 0.9240 0.4671 0.4686 
0.5307 0.9233 0.9238 1.0000 0.9175 0.9274 0.9332 0.9349 0.4773 0.4651 
0.5353 0.9135 0.9031 0.9175 1.0000 0.9131 0.9261 0.9158 0.4864 0.4695 
0.5298 0.9063 0.9164 0.9274 0.9131 1.0000 0.9335 0.9218 0.4728 0.4683 
0.5295 0.9229 0.9200 0.9332 0.9261 0.9335 1.0000 0.9356 0.4786 0.4684 
0.5322 0.9221 0.9240 0.9349 0.9158 0.9218 0.9356 1.0000 0.4899 0.4868 
0.5108 0.4721 0.4671 0.4773 0.4864 0.4728 0.4786 0.4899 1.0000 0.5074 
0.5121 0.4594 0.4686 0.4651 0.4695 0.4683 0.4684 0.4868 0.5074 1.0000 
