SIMGD6824H,GD,0.5038,0.0314,0.0489,0.0260,0.3899
SIMGD6825H,GD,0.0854,0.0424,0.0289,0.5388,0.3045
SIMGD6826H,GD,0.1497,0.0237,0.0609,0.4994,0.2663
SIMGD6827H,GD,0.3441,0.0264,0.0372,0.3574,0.2349
SIMGD6828H,GD,0.1686,0.0394,0.0347,0.3676,0.3897
SIMGD6829H,GD,0.0368,0.0351,0.0341,0.2229,0.6711
SIMGD6831H,GD,0.2277,0.4513,0.0103,0.0931,0.2176
SIMGD6833H,GD,0.3541,0.0198,0.0187,0.2144,0.3930
SIMGD6840H,GD,0.0631,0.0527,0.0701,0.3027,0.5114
SIMGD6841H,GD,0.3502,0.0382,0.0289,0.1216,0.4611
SIMGD6844H,GD,0.2355,0.0296,0.0445,0.2886,0.4017
SIMGD6846H,GD,0.3786,0.1579,0.1149,0.0319,0.3167
SIMGD6847H,GD,0.1275,0.0533,0.1028,0.1407,0.5757
SIMGD6848H,GD,0.1077,0.0494,0.0777,0.3063,0.4589
SIMGD6851H,GD,0.5114,0.0373,0.0280,0.1904,0.2329
SIMGS6764H,GS,0.1421,0.0202,0.0614,0.2010,0.5753
SIMGS6765H,GS,0.0455,0.0351,0.0559,0.6526,0.2108
SIMGS6767H,GS,0.0558,0.0406,0.0492,0.3979,0.4567
SIMGS6768H,GS,0.0552,0.0377,0.0657,0.1894,0.6520
SIMGS6769H,GS,0.1706,0.0227,0.0527,0.1306,0.6235
SIMGS6771H,GS,0.0389,0.0264,0.0433,0.4273,0.4641
SIMGS6773H,GS,0.0613,0.0281,0.0359,0.3095,0.5651
SIMGS6775H,GS,0.0457,0.0258,0.0491,0.5908,0.2887
SIMGS6776H,GS,0.0916,0.0839,0.0928,0.1185,0.6132
SIMGS6778H,GS,0.4470,0.0190,0.4057,0.0218,0.1065
SIMGS6780H,GS,0.0343,0.0261,0.0443,0.3058,0.5895
SIMGS6784H,GS,0.2804,0.0708,0.0544,0.3436,0.2508
SIMGS6785H,GS,0.0292,0.0366,0.0383,0.2221,0.6738
SIMGS6788H,GS,0.0676,0.1027,0.0582,0.3447,0.4269
SIMGS6789H,GS,0.0737,0.0889,0.0850,0.3175,0.4349
SIMGS6790H,GS,0.0756,0.0666,0.1674,0.1874,0.5030
SIMJD6884H,JD,0.0931,0.0692,0.0667,0.5490,0.2219
SIMJD6886H,JD,0.1168,0.0222,0.0416,0.2977,0.5217
SIMJD6887H,JD,0.0622,0.0368,0.0597,0.5437,0.2976
SIMJD6888H,JD,0.0571,0.0444,0.0478,0.4727,0.3781
SIMJD6894H,JD,0.1696,0.0372,0.0437,0.0933,0.6562
SIMJD6895H,JD,0.0398,0.7804,0.0684,0.0127,0.0987
SIMJD6896H,JD,0.1879,0.0196,0.0619,0.1976,0.5330
SIMJD6897H,JD,0.0318,0.0275,0.0466,0.5457,0.3485
SIMJD6898H,JD,0.1636,0.0576,0.0704,0.0815,0.6269
SIMJD6899H,JD,0.2776,0.0807,0.0496,0.2803,0.3117
SIMJD6905H,JD,0.1267,0.0679,0.1077,0.3083,0.3893
SIMJD6906H,JD,0.1234,0.0397,0.0645,0.1526,0.6197
SIMJD6907H,JD,0.2336,0.0392,0.0639,0.2870,0.3763
SIMJD6908H,JD,0.1342,0.0768,0.0732,0.4456,0.2702
SIMJD6913H,JD,0.1721,0.1218,0.3367,0.1424,0.2270
SIMJS6704H,JS,0.0697,0.0338,0.0421,0.6259,0.2285
SIMJS6706H,JS,0.0559,0.0238,0.0426,0.3240,0.5537
SIMJS6707H,JS,0.1801,0.0360,0.0299,0.2390,0.5150
SIMJS6709H,JS,0.3839,0.0352,0.0389,0.2157,0.3263
SIMJS6711H,JS,0.1221,0.0282,0.0467,0.3585,0.4445
SIMJS6713H,JS,0.0693,0.0330,0.0495,0.1325,0.7157
SIMJS6715H,JS,0.0085,0.5727,0.2182,0.0087,0.1919
SIMJS6716H,JS,0.0434,0.0339,0.1077,0.4343,0.3807
SIMJS6717H,JS,0.0582,0.1009,0.0650,0.2129,0.5630
SIMJS6718H,JS,0.0529,0.0250,0.0592,0.7291,0.1338
SIMJS6725H,JS,0.1467,0.1136,0.1959,0.3555,0.1882
SIMJS6726H,JS,0.2381,0.0166,0.0379,0.2006,0.5069
SIMJS6727H,JS,0.2144,0.0346,0.0432,0.5188,0.1890
SIMJS6728H,JS,0.0626,0.0317,0.0660,0.4988,0.3408
SIMPD7015H,PD,0.0768,0.0470,0.0835,0.3103,0.4823
SIMPD7016H,PD,0.0377,0.0244,0.0898,0.6854,0.1627
SIMPD7018H,PD,0.2349,0.0406,0.0583,0.2028,0.4634
SIMPD7019H,PD,0.1190,0.0840,0.0938,0.2624,0.4409
SIMPD7021H,PD,0.0139,0.0077,0.6432,0.2360,0.0992
SIMPD7022H,PD,0.1654,0.0301,0.0446,0.3094,0.4505
SIMPD7023H,PD,0.1722,0.0289,0.0880,0.3627,0.3482
SIMPD7024H,PD,0.0352,0.0327,0.0438,0.1873,0.7011
SIMPD7025H,PD,0.3416,0.0480,0.0480,0.2680,0.2944
SIMPD7027H,PD,0.0774,0.0427,0.0323,0.7304,0.1172
SIMPD7035H,PD,0.3592,0.0190,0.0546,0.1371,0.4300
SIMPD7036H,PD,0.1254,0.1372,0.0652,0.3014,0.3709
SIMPD7037H,PD,0.3130,0.0352,0.0511,0.3038,0.2969
SIMPD7040H,PD,0.1580,0.0258,0.0353,0.0964,0.6846
SIMPD7041H,PD,0.1262,0.0738,0.0607,0.2169,0.5224
SIMPS6633H,PS,0.0896,0.0324,0.0263,0.1709,0.6808
SIMPS6634H,PS,0.0357,0.0223,0.0713,0.7250,0.1457
SIMPS6635H,PS,0.1351,0.0697,0.1267,0.4434,0.2250
SIMPS6638H,PS,0.1468,0.0143,0.0265,0.3388,0.4736
SIMPS6639H,PS,0.1314,0.0231,0.0653,0.4948,0.2854
SIMPS6641H,PS,0.0398,0.0306,0.0356,0.3125,0.5816
SIMPS6642H,PS,0.0863,0.0318,0.0437,0.5737,0.2645
SIMPS6643H,PS,0.1063,0.0503,0.0556,0.5068,0.2809
SIMPS6644H,PS,0.0442,0.0311,0.0337,0.6293,0.2616
SIMPS6645H,PS,0.0719,0.0595,0.0669,0.3954,0.4063
SIMPS6646H,PS,0.3015,0.0782,0.0968,0.1571,0.3664
SIMPS6652H,PS,0.2807,0.1283,0.0659,0.0766,0.4485
SIMPS6654H,PS,0.2545,0.0570,0.0502,0.0465,0.5917
SIMPS6657H,PS,0.0962,0.0357,0.0667,0.6012,0.2002
SIMPS6658H,PS,0.1269,0.0836,0.0908,0.1438,0.5549
SIMPS6661H,PS,0.2766,0.0287,0.0685,0.3359,0.2903
SIMWD6945H,WD,0.0586,0.0571,0.0962,0.5000,0.2881
SIMWD6947H,WD,0.0521,0.0316,0.0576,0.3829,0.4758
SIMWD6948H,WD,0.1306,0.1129,0.2900,0.1445,0.3221
SIMWD6954H,WD,0.0601,0.0172,0.0372,0.7109,0.1745
SIMWD6955H,WD,0.0807,0.0464,0.0582,0.4119,0.4028
SIMWD6956H,WD,0.1879,0.0680,0.0690,0.1935,0.4816
SIMWD6957H,WD,0.0547,0.0273,0.0299,0.3017,0.5864
SIMWD6958H,WD,0.0784,0.0503,0.0558,0.3570,0.4585
SIMWD6959H,WD,0.2530,0.2908,0.0390,0.2166,0.2006
SIMWD6962H,WD,0.1227,0.0221,0.0353,0.3277,0.4923
SIMWD6967H,WD,0.1323,0.0391,0.0245,0.5834,0.2207
SIMWD6968H,WD,0.1877,0.0614,0.0541,0.3395,0.3573
SIMWD6969H,WD,0.1503,0.0447,0.0637,0.4158,0.3255
SIMWD6972H,WD,0.0514,0.0644,0.0546,0.5191,0.3105
