SIMGD6824H,GD,0.7510,0.0240,0.2190,0.0060
SIMGD6825H,GD,0.8150,0.0090,0.0040,0.1720
SIMGD6826H,GD,0.8338,0.0090,0.0020,0.1552
SIMGD6827H,GD,0.8080,0.0200,0.0090,0.1630
SIMGD6828H,GD,0.8060,0.0290,0.0260,0.1390
SIMGD6829H,GD,0.8080,0.0040,0.0030,0.1850
SIMGD6831H,GD,0.7900,0.0040,0.2000,0.0060
SIMGD6833H,GD,0.8390,0.0020,0.0980,0.0610
SIMGD6840H,GD,0.8250,0.0060,0.0160,0.1530
SIMGD6841H,GD,0.8192,0.0030,0.0659,0.1119
SIMGD6844H,GD,0.8680,0.0030,0.0030,0.1260
SIMGD6846H,GD,0.8142,0.1808,0.0020,0.0030
SIMGD6847H,GD,0.7900,0.1720,0.0010,0.0370
SIMGD6848H,GD,0.8580,0.0150,0.0080,0.1190
SIMGD6851H,GD,0.7768,0.0050,0.1972,0.0210
SIMGS6764H,GS,0.8070,0.0070,0.0010,0.1850
SIMGS6765H,GS,0.8382,0.1109,0.0030,0.0480
SIMGS6767H,GS,0.8258,0.0060,0.0010,0.1672
SIMGS6768H,GS,0.8230,0.0180,0.0020,0.1570
SIMGS6769H,GS,0.7782,0.0320,0.0020,0.1878
SIMGS6771H,GS,0.8280,0.0520,0.0040,0.1160
SIMGS6773H,GS,0.8140,0.0070,0.0010,0.1780
SIMGS6775H,GS,0.8010,0.0030,0.0030,0.1930
SIMGS6776H,GS,0.8260,0.1520,0.0070,0.0150
SIMGS6778H,GS,0.8930,0.0040,0.1000,0.0030
SIMGS6780H,GS,0.8200,0.0050,0.0020,0.1730
SIMGS6784H,GS,0.8080,0.1770,0.0080,0.0070
SIMGS6785H,GS,0.8310,0.0150,0.0020,0.1520
SIMGS6788H,GS,0.8380,0.0200,0.0030,0.1390
SIMGS6789H,GS,0.8200,0.1530,0.0010,0.0260
SIMGS6790H,GS,0.8450,0.0020,0.0020,0.1510
SIMJD6884H,JD,0.8300,0.0160,0.0060,0.1480
SIMJD6886H,JD,0.8378,0.0080,0.0010,0.1532
SIMJD6887H,JD,0.8358,0.0110,0.0010,0.1522
SIMJD6888H,JD,0.8188,0.1151,0.0140,0.0521
SIMJD6894H,JD,0.8430,0.0090,0.0250,0.1230
SIMJD6895H,JD,0.8270,0.0980,0.0720,0.0030
SIMJD6896H,JD,0.8390,0.0070,0.0020,0.1520
SIMJD6897H,JD,0.8320,0.0040,0.0020,0.1620
SIMJD6898H,JD,0.8530,0.0220,0.0420,0.0830
SIMJD6899H,JD,0.8042,0.0100,0.0599,0.1259
SIMJD6905H,JD,0.7890,0.1320,0.0060,0.0730
SIMJD6906H,JD,0.8120,0.0040,0.0020,0.1820
SIMJD6907H,JD,0.8280,0.0890,0.0470,0.0360
SIMJD6908H,JD,0.8220,0.0140,0.0050,0.1590
SIMJD6913H,JD,0.8270,0.1680,0.0010,0.0040
SIMJS6704H,JS,0.8350,0.0040,0.0010,0.1600
SIMJS6706H,JS,0.8070,0.0110,0.0020,0.1800
SIMJS6707H,JS,0.7928,0.0430,0.0020,0.1622
SIMJS6709H,JS,0.8278,0.0210,0.0050,0.1461
SIMJS6711H,JS,0.8172,0.0140,0.0060,0.1628
SIMJS6713H,JS,0.7938,0.0050,0.0020,0.1992
SIMJS6715H,JS,0.7940,0.2030,0.0010,0.0020
SIMJS6716H,JS,0.8018,0.0030,0.0020,0.1932
SIMJS6717H,JS,0.7880,0.1850,0.0040,0.0230
SIMJS6718H,JS,0.8352,0.0180,0.0020,0.1449
SIMJS6725H,JS,0.8180,0.1440,0.0060,0.0320
SIMJS6726H,JS,0.8270,0.0020,0.0290,0.1420
SIMJS6727H,JS,0.8200,0.0050,0.0060,0.1690
SIMJS6728H,JS,0.8078,0.0090,0.0020,0.1812
SIMPD7015H,PD,0.8550,0.0060,0.0020,0.1370
SIMPD7016H,PD,0.8110,0.0070,0.0020,0.1800
SIMPD7018H,PD,0.8930,0.0180,0.0050,0.0840
SIMPD7019H,PD,0.8128,0.1662,0.0020,0.0190
SIMPD7021H,PD,0.8180,0.0050,0.0010,0.1760
SIMPD7022H,PD,0.7812,0.0050,0.0150,0.1988
SIMPD7023H,PD,0.8122,0.0559,0.0060,0.1259
SIMPD7024H,PD,0.8190,0.0050,0.0010,0.1750
SIMPD7025H,PD,0.8470,0.0510,0.0100,0.0920
SIMPD7027H,PD,0.8378,0.0030,0.0030,0.1562
SIMPD7035H,PD,0.8280,0.0040,0.0380,0.1300
SIMPD7036H,PD,0.8398,0.0841,0.0060,0.0701
SIMPD7037H,PD,0.8360,0.0400,0.0830,0.0410
SIMPD7040H,PD,0.8430,0.0040,0.0050,0.1480
SIMPD7041H,PD,0.8138,0.1461,0.0170,0.0230
SIMPS6633H,PS,0.7970,0.0060,0.0070,0.1900
SIMPS6634H,PS,0.8150,0.0050,0.0010,0.1790
SIMPS6635H,PS,0.7970,0.1640,0.0020,0.0370
SIMPS6638H,PS,0.8510,0.0030,0.0220,0.1240
SIMPS6639H,PS,0.8228,0.0210,0.0010,0.1552
SIMPS6641H,PS,0.8140,0.0050,0.0010,0.1800
SIMPS6642H,PS,0.8260,0.0360,0.0030,0.1350
SIMPS6643H,PS,0.8160,0.1680,0.0040,0.0120
SIMPS6644H,PS,0.8098,0.0050,0.0010,0.1842
SIMPS6645H,PS,0.8298,0.0951,0.0430,0.0320
SIMPS6646H,PS,0.8308,0.0120,0.0030,0.1542
SIMPS6652H,PS,0.8170,0.0130,0.0190,0.1510
SIMPS6654H,PS,0.8440,0.1190,0.0200,0.0170
SIMPS6657H,PS,0.8398,0.0050,0.0020,0.1532
SIMPS6658H,PS,0.8372,0.0649,0.0010,0.0969
SIMPS6661H,PS,0.8601,0.0070,0.0030,0.1299
SIMWD6945H,WD,0.8218,0.1552,0.0010,0.0220
SIMWD6947H,WD,0.8162,0.0040,0.0050,0.1748
SIMWD6948H,WD,0.8600,0.1050,0.0030,0.0320
SIMWD6954H,WD,0.8320,0.0040,0.0020,0.1620
SIMWD6955H,WD,0.8751,0.0509,0.0160,0.0579
SIMWD6956H,WD,0.8330,0.0060,0.0020,0.1590
SIMWD6957H,WD,0.8070,0.0180,0.0020,0.1730
SIMWD6958H,WD,0.8150,0.0060,0.0010,0.1780
SIMWD6959H,WD,0.7680,0.2150,0.0050,0.0120
SIMWD6962H,WD,0.8200,0.0720,0.0150,0.0930
SIMWD6967H,WD,0.8192,0.0050,0.0100,0.1658
SIMWD6968H,WD,0.8040,0.1340,0.0040,0.0580
SIMWD6969H,WD,0.8408,0.0020,0.0010,0.1562
SIMWD6972H,WD,0.8368,0.0020,0.0010,0.1602
