SIMGD6824H,GD,0.0010,0.9481,0.0040,0.0020,0.0430,0.0020
SIMGD6825H,GD,0.0010,0.1630,0.7980,0.0320,0.0010,0.0050
SIMGD6826H,GD,0.0010,0.0760,0.0070,0.9080,0.0020,0.0060
SIMGD6827H,GD,0.0010,0.1678,0.0170,0.8112,0.0020,0.0010
SIMGD6828H,GD,0.0070,0.1331,0.7117,0.1381,0.0040,0.0060
SIMGD6829H,GD,0.0080,0.0160,0.9640,0.0090,0.0020,0.0010
SIMGD6831H,GD,0.0010,0.0010,0.0020,0.0020,0.0010,0.9930
SIMGD6833H,GD,0.0020,0.0120,0.0040,0.9720,0.0020,0.0080
SIMGD6840H,GD,0.0010,0.7870,0.1400,0.0200,0.0270,0.0250
SIMGD6841H,GD,0.0010,0.0720,0.1370,0.7590,0.0010,0.0300
SIMGD6844H,GD,0.0010,0.8100,0.0150,0.1720,0.0010,0.0010
SIMGD6846H,GD,0.0010,0.9319,0.0060,0.0080,0.0000,0.0531
SIMGD6847H,GD,0.0040,0.0040,0.9790,0.0070,0.0010,0.0050
SIMGD6848H,GD,0.0300,0.0240,0.9019,0.0070,0.0040,0.0330
SIMGD6851H,GD,0.0020,0.0050,0.0020,0.9870,0.0010,0.0030
SIMGS6764H,GS,0.0010,0.0240,0.0210,0.9480,0.0040,0.0020
SIMGS6765H,GS,0.0060,0.8318,0.0050,0.0340,0.0110,0.1121
SIMGS6767H,GS,0.0020,0.0090,0.9490,0.0340,0.0030,0.0030
SIMGS6768H,GS,0.0040,0.0752,0.7866,0.0611,0.0711,0.0020
SIMGS6769H,GS,0.0000,0.0070,0.9860,0.0030,0.0030,0.0010
SIMGS6771H,GS,0.0010,0.1169,0.0060,0.8721,0.0020,0.0020
SIMGS6773H,GS,0.0380,0.0120,0.0040,0.9370,0.0010,0.0080
SIMGS6775H,GS,0.0010,0.6390,0.2280,0.0120,0.1190,0.0010
SIMGS6776H,GS,0.0680,0.0260,0.7430,0.0800,0.0090,0.0740
SIMGS6778H,GS,0.0020,0.0030,0.0020,0.0020,0.9890,0.0020
SIMGS6780H,GS,0.0170,0.0110,0.0380,0.9120,0.0200,0.0020
SIMGS6784H,GS,0.0010,0.9890,0.0060,0.0020,0.0010,0.0010
SIMGS6785H,GS,0.0010,0.5455,0.2492,0.1952,0.0040,0.0050
SIMGS6788H,GS,0.0060,0.7483,0.2068,0.0140,0.0080,0.0170
SIMGS6789H,GS,0.0140,0.9650,0.0110,0.0050,0.0010,0.0040
SIMGS6790H,GS,0.0010,0.0090,0.9700,0.0100,0.0020,0.0080
SIMJD6884H,JD,0.0050,0.1480,0.7900,0.0410,0.0120,0.0040
SIMJD6886H,JD,0.0010,0.1369,0.8382,0.0190,0.0030,0.0020
SIMJD6887H,JD,0.0030,0.7990,0.0460,0.1400,0.0060,0.0060
SIMJD6888H,JD,0.0020,0.2520,0.1490,0.5740,0.0010,0.0220
SIMJD6894H,JD,0.0020,0.0450,0.7320,0.1280,0.0410,0.0520
SIMJD6895H,JD,0.1948,0.0030,0.0020,0.0020,0.0020,0.7962
SIMJD6896H,JD,0.0020,0.2843,0.0731,0.6376,0.0010,0.0020
SIMJD6897H,JD,0.0010,0.0100,0.0120,0.9680,0.0060,0.0030
SIMJD6898H,JD,0.0010,0.0060,0.8142,0.1259,0.0100,0.0430
SIMJD6899H,JD,0.0010,0.0040,0.9200,0.0090,0.0020,0.0640
SIMJD6905H,JD,0.0020,0.5864,0.2088,0.1089,0.0909,0.0030
SIMJD6906H,JD,0.0010,0.0030,0.9399,0.0490,0.0020,0.0050
SIMJD6907H,JD,0.0060,0.2040,0.0350,0.7420,0.0020,0.0110
SIMJD6908H,JD,0.0060,0.9560,0.0210,0.0120,0.0030,0.0020
SIMJD6913H,JD,0.0040,0.0280,0.0100,0.9320,0.0150,0.0110
SIMJS6704H,JS,0.0020,0.0130,0.0480,0.9289,0.0050,0.0030
SIMJS6706H,JS,0.0010,0.0060,0.0400,0.9429,0.0090,0.0010
SIMJS6707H,JS,0.0010,0.0679,0.9151,0.0110,0.0010,0.0040
SIMJS6709H,JS,0.0010,0.9670,0.0170,0.0110,0.0020,0.0020
SIMJS6711H,JS,0.0020,0.2230,0.0040,0.7670,0.0010,0.0030
SIMJS6713H,JS,0.0010,0.0110,0.9349,0.0070,0.0020,0.0440
SIMJS6715H,JS,0.9960,0.0020,0.0010,0.0010,0.0000,0.0000
SIMJS6716H,JS,0.0040,0.0070,0.9830,0.0030,0.0020,0.0010
SIMJS6717H,JS,0.0060,0.6950,0.0290,0.0450,0.0030,0.2220
SIMJS6718H,JS,0.0030,0.9241,0.0410,0.0280,0.0030,0.0010
SIMJS6725H,JS,0.0030,0.9560,0.0080,0.0030,0.0260,0.0040
SIMJS6726H,JS,0.0010,0.2560,0.7260,0.0130,0.0030,0.0010
SIMJS6727H,JS,0.0020,0.9510,0.0400,0.0050,0.0010,0.0010
SIMJS6728H,JS,0.0010,0.0100,0.0100,0.9690,0.0090,0.0010
SIMPD7015H,PD,0.0090,0.1908,0.5435,0.2458,0.0080,0.0030
SIMPD7016H,PD,0.0020,0.0440,0.8102,0.0929,0.0430,0.0080
SIMPD7018H,PD,0.0030,0.5786,0.3123,0.0240,0.0761,0.0060
SIMPD7019H,PD,0.1321,0.0120,0.0971,0.4454,0.2062,0.1071
SIMPD7021H,PD,0.0010,0.0010,0.0010,0.0010,0.9950,0.0010
SIMPD7022H,PD,0.0040,0.0100,0.9610,0.0130,0.0100,0.0020
SIMPD7023H,PD,0.0040,0.8240,0.0450,0.0420,0.0810,0.0040
SIMPD7024H,PD,0.0140,0.0020,0.9370,0.0040,0.0420,0.0010
SIMPD7025H,PD,0.0010,0.9440,0.0140,0.0360,0.0020,0.0030
SIMPD7027H,PD,0.0020,0.5190,0.4690,0.0050,0.0030,0.0020
SIMPD7035H,PD,0.0020,0.0070,0.9630,0.0050,0.0220,0.0010
SIMPD7036H,PD,0.0060,0.1630,0.1660,0.5780,0.0020,0.0850
SIMPD7037H,PD,0.0010,0.9660,0.0160,0.0050,0.0060,0.0060
SIMPD7040H,PD,0.0010,0.9010,0.0360,0.0050,0.0530,0.0040
SIMPD7041H,PD,0.0220,0.5370,0.3620,0.0060,0.0100,0.0630
SIMPS6633H,PS,0.0010,0.1290,0.0440,0.8170,0.0020,0.0070
SIMPS6634H,PS,0.0010,0.3580,0.1870,0.4510,0.0020,0.0010
SIMPS6635H,PS,0.0070,0.8472,0.0060,0.0030,0.0529,0.0839
SIMPS6638H,PS,0.0010,0.0210,0.9279,0.0480,0.0010,0.0010
SIMPS6639H,PS,0.0010,0.8060,0.1630,0.0240,0.0050,0.0010
SIMPS6641H,PS,0.0020,0.0170,0.9481,0.0290,0.0020,0.0020
SIMPS6642H,PS,0.0050,0.0030,0.9620,0.0280,0.0010,0.0010
SIMPS6643H,PS,0.0040,0.0160,0.8640,0.1120,0.0010,0.0030
SIMPS6644H,PS,0.0130,0.0931,0.8699,0.0180,0.0020,0.0040
SIMPS6645H,PS,0.0010,0.0040,0.0040,0.9570,0.0230,0.0110
SIMPS6646H,PS,0.0010,0.0090,0.8839,0.0110,0.0100,0.0851
SIMPS6652H,PS,0.0090,0.5860,0.3560,0.0440,0.0030,0.0020
SIMPS6654H,PS,0.0010,0.8960,0.0130,0.0050,0.0030,0.0820
SIMPS6657H,PS,0.0040,0.0040,0.9700,0.0090,0.0080,0.0050
SIMPS6658H,PS,0.1190,0.0200,0.0020,0.8570,0.0010,0.0010
SIMPS6661H,PS,0.0010,0.0410,0.0060,0.8240,0.1270,0.0010
SIMWD6945H,WD,0.0030,0.0050,0.0180,0.9520,0.0160,0.0060
SIMWD6947H,WD,0.0030,0.0180,0.3130,0.6590,0.0020,0.0050
SIMWD6948H,WD,0.0010,0.3177,0.0080,0.6693,0.0030,0.0010
SIMWD6954H,WD,0.0010,0.2060,0.7730,0.0160,0.0030,0.0010
SIMWD6955H,WD,0.0030,0.0240,0.1480,0.8160,0.0040,0.0050
SIMWD6956H,WD,0.0010,0.0070,0.0070,0.9790,0.0010,0.0050
SIMWD6957H,WD,0.0010,0.0040,0.0090,0.9770,0.0030,0.0060
SIMWD6958H,WD,0.0010,0.0190,0.9300,0.0330,0.0010,0.0160
SIMWD6959H,WD,0.2460,0.4560,0.2840,0.0030,0.0010,0.0100
SIMWD6962H,WD,0.0040,0.0939,0.0350,0.8122,0.0060,0.0490
SIMWD6967H,WD,0.0010,0.9590,0.0110,0.0170,0.0060,0.0060
SIMWD6968H,WD,0.0020,0.9580,0.0230,0.0100,0.0060,0.0010
SIMWD6969H,WD,0.0010,0.9710,0.0070,0.0170,0.0030,0.0010
SIMWD6972H,WD,0.0020,0.0140,0.9710,0.0070,0.0030,0.0030
