SIMGD6824H,GD,0.7530,0.0020,0.2320,0.0130
SIMGD6825H,GD,0.8120,0.0010,0.0010,0.1860
SIMGD6826H,GD,0.8060,0.0020,0.0020,0.1900
SIMGD6827H,GD,0.8192,0.0020,0.0060,0.1728
SIMGD6828H,GD,0.8470,0.0030,0.0070,0.1430
SIMGD6829H,GD,0.8232,0.0020,0.0020,0.1728
SIMGD6831H,GD,0.7413,0.2537,0.0010,0.0040
SIMGD6833H,GD,0.8318,0.0020,0.0040,0.1622
SIMGD6840H,GD,0.8410,0.0070,0.0010,0.1510
SIMGD6841H,GD,0.8160,0.0050,0.0960,0.0830
SIMGD6844H,GD,0.8610,0.0020,0.0020,0.1350
SIMGD6846H,GD,0.7890,0.2040,0.0020,0.0050
SIMGD6847H,GD,0.8080,0.0030,0.0030,0.1860
SIMGD6848H,GD,0.8390,0.0050,0.0070,0.1490
SIMGD6851H,GD,0.7530,0.0010,0.2370,0.0090
SIMGS6764H,GS,0.8320,0.0030,0.0060,0.1590
SIMGS6765H,GS,0.8460,0.0030,0.0020,0.1490
SIMGS6767H,GS,0.8110,0.0130,0.0070,0.1690
SIMGS6768H,GS,0.8402,0.0030,0.0080,0.1489
SIMGS6769H,GS,0.7852,0.0030,0.0070,0.2048
SIMGS6771H,GS,0.8268,0.0140,0.0010,0.1582
SIMGS6773H,GS,0.7790,0.0040,0.0010,0.2160
SIMGS6775H,GS,0.7950,0.0030,0.0020,0.2000
SIMGS6776H,GS,0.7848,0.0270,0.0010,0.1872
SIMGS6778H,GS,0.8410,0.0010,0.1570,0.0010
SIMGS6780H,GS,0.8170,0.0020,0.0030,0.1780
SIMGS6784H,GS,0.8012,0.0040,0.0210,0.1738
SIMGS6785H,GS,0.8290,0.0020,0.0050,0.1640
SIMGS6788H,GS,0.8380,0.0490,0.0020,0.1110
SIMGS6789H,GS,0.7960,0.0140,0.0010,0.1890
SIMGS6790H,GS,0.8178,0.0020,0.0030,0.1772
SIMJD6884H,JD,0.8390,0.0030,0.0020,0.1560
SIMJD6886H,JD,0.8360,0.0030,0.0020,0.1590
SIMJD6887H,JD,0.8268,0.0010,0.0030,0.1692
SIMJD6888H,JD,0.7980,0.0020,0.0030,0.1970
SIMJD6894H,JD,0.8172,0.0030,0.0240,0.1558
SIMJD6895H,JD,0.7720,0.2250,0.0010,0.0020
SIMJD6896H,JD,0.8360,0.0020,0.0030,0.1590
SIMJD6897H,JD,0.7800,0.0010,0.0020,0.2170
SIMJD6898H,JD,0.8340,0.0110,0.0020,0.1530
SIMJD6899H,JD,0.8170,0.0060,0.0290,0.1480
SIMJD6905H,JD,0.8238,0.0150,0.0030,0.1582
SIMJD6906H,JD,0.8170,0.0010,0.0020,0.1800
SIMJD6907H,JD,0.8280,0.0010,0.0020,0.1690
SIMJD6908H,JD,0.8240,0.0050,0.0040,0.1670
SIMJD6913H,JD,0.7762,0.2138,0.0020,0.0080
SIMJS6704H,JS,0.8080,0.0020,0.0020,0.1880
SIMJS6706H,JS,0.8140,0.0010,0.0050,0.1800
SIMJS6707H,JS,0.8120,0.0020,0.0020,0.1840
SIMJS6709H,JS,0.8020,0.0040,0.0040,0.1900
SIMJS6711H,JS,0.8190,0.0030,0.0020,0.1760
SIMJS6713H,JS,0.8000,0.0030,0.0020,0.1950
SIMJS6715H,JS,0.7942,0.2028,0.0010,0.0020
SIMJS6716H,JS,0.8140,0.0080,0.0010,0.1770
SIMJS6717H,JS,0.7972,0.0160,0.0609,0.1259
SIMJS6718H,JS,0.8150,0.0020,0.0020,0.1810
SIMJS6725H,JS,0.8020,0.0100,0.0010,0.1870
SIMJS6726H,JS,0.8180,0.0030,0.0140,0.1650
SIMJS6727H,JS,0.8070,0.0020,0.0350,0.1560
SIMJS6728H,JS,0.7932,0.0100,0.0040,0.1928
SIMPD7015H,PD,0.8420,0.0030,0.0040,0.1510
SIMPD7016H,PD,0.7988,0.0050,0.0070,0.1892
SIMPD7018H,PD,0.8428,0.0040,0.0060,0.1471
SIMPD7019H,PD,0.8058,0.0090,0.0130,0.1722
SIMPD7021H,PD,0.7720,0.0010,0.2240,0.0030
SIMPD7022H,PD,0.7920,0.0060,0.0030,0.1990
SIMPD7023H,PD,0.8078,0.0020,0.0060,0.1842
SIMPD7024H,PD,0.7910,0.0020,0.0020,0.2050
SIMPD7025H,PD,0.8531,0.0280,0.0100,0.1089
SIMPD7027H,PD,0.8190,0.0010,0.0030,0.1770
SIMPD7035H,PD,0.8480,0.0050,0.0100,0.1370
SIMPD7036H,PD,0.8290,0.0300,0.0010,0.1400
SIMPD7037H,PD,0.8420,0.0100,0.0350,0.1130
SIMPD7040H,PD,0.8390,0.0040,0.0070,0.1500
SIMPD7041H,PD,0.7980,0.0110,0.0030,0.1880
SIMPS6633H,PS,0.8420,0.0020,0.0020,0.1540
SIMPS6634H,PS,0.8220,0.0010,0.0010,0.1760
SIMPS6635H,PS,0.7530,0.0020,0.0060,0.2390
SIMPS6638H,PS,0.8640,0.0010,0.0010,0.1340
SIMPS6639H,PS,0.8190,0.0010,0.0020,0.1780
SIMPS6641H,PS,0.8042,0.0070,0.0040,0.1848
SIMPS6642H,PS,0.8232,0.0050,0.0030,0.1688
SIMPS6643H,PS,0.7960,0.0140,0.0020,0.1880
SIMPS6644H,PS,0.8002,0.0020,0.0020,0.1958
SIMPS6645H,PS,0.8340,0.0120,0.0140,0.1400
SIMPS6646H,PS,0.8110,0.0610,0.0020,0.1260
SIMPS6652H,PS,0.8198,0.0561,0.0040,0.1201
SIMPS6654H,PS,0.8390,0.0360,0.0020,0.1230
SIMPS6657H,PS,0.7938,0.0020,0.0010,0.2032
SIMPS6658H,PS,0.8571,0.0020,0.0020,0.1389
SIMPS6661H,PS,0.8370,0.0050,0.0140,0.1440
SIMWD6945H,WD,0.7970,0.0070,0.0010,0.1950
SIMWD6947H,WD,0.8190,0.0170,0.0020,0.1620
SIMWD6948H,WD,0.8739,0.0180,0.0010,0.1071
SIMWD6954H,WD,0.7992,0.0020,0.0020,0.1968
SIMWD6955H,WD,0.8660,0.0010,0.0010,0.1320
SIMWD6956H,WD,0.8118,0.0961,0.0010,0.0911
SIMWD6957H,WD,0.8010,0.0030,0.0010,0.1950
SIMWD6958H,WD,0.7790,0.0170,0.0010,0.2030
SIMWD6959H,WD,0.7810,0.0180,0.0030,0.1980
SIMWD6962H,WD,0.8198,0.0130,0.0030,0.1642
SIMWD6967H,WD,0.8310,0.0040,0.0090,0.1560
SIMWD6968H,WD,0.8290,0.0030,0.0020,0.1660
SIMWD6969H,WD,0.8170,0.0030,0.0010,0.1790
SIMWD6972H,WD,0.8022,0.0250,0.0010,0.1718
