SIMGD6824H,GD,0.2857,0.0020,0.0020,0.0020,0.7083
SIMGD6825H,GD,0.0120,0.0050,0.0090,0.1878,0.7862
SIMGD6826H,GD,0.0040,0.0020,0.0549,0.1299,0.8092
SIMGD6827H,GD,0.0050,0.0020,0.0050,0.2030,0.7850
SIMGD6828H,GD,0.1280,0.0020,0.0410,0.0590,0.7700
SIMGD6829H,GD,0.0030,0.0020,0.0060,0.2070,0.7820
SIMGD6831H,GD,0.2360,0.0050,0.0010,0.0010,0.7570
SIMGD6833H,GD,0.1802,0.0010,0.0020,0.0060,0.8108
SIMGD6840H,GD,0.0120,0.0030,0.0880,0.1040,0.7930
SIMGD6841H,GD,0.1580,0.0010,0.0170,0.0400,0.7840
SIMGD6844H,GD,0.0040,0.0010,0.0160,0.1350,0.8440
SIMGD6846H,GD,0.0030,0.2198,0.0020,0.0070,0.7682
SIMGD6847H,GD,0.0020,0.0110,0.2080,0.0180,0.7610
SIMGD6848H,GD,0.0250,0.0020,0.0190,0.1160,0.8380
SIMGD6851H,GD,0.2580,0.0010,0.0020,0.0020,0.7370
SIMGS6764H,GS,0.0020,0.0140,0.0230,0.1800,0.7810
SIMGS6765H,GS,0.0060,0.0020,0.1670,0.0140,0.8110
SIMGS6767H,GS,0.0020,0.0070,0.0120,0.1820,0.7970
SIMGS6768H,GS,0.0020,0.0040,0.0100,0.1850,0.7990
SIMGS6769H,GS,0.0030,0.0260,0.0030,0.2182,0.7497
SIMGS6771H,GS,0.0020,0.0010,0.1181,0.0791,0.7998
SIMGS6773H,GS,0.0020,0.0030,0.0150,0.1910,0.7890
SIMGS6775H,GS,0.0130,0.0020,0.0140,0.1942,0.7768
SIMGS6776H,GS,0.0110,0.0350,0.0911,0.0641,0.7988
SIMGS6778H,GS,0.1301,0.0010,0.0010,0.0010,0.8669
SIMGS6780H,GS,0.0020,0.0060,0.0030,0.1940,0.7950
SIMGS6784H,GS,0.0170,0.0930,0.0080,0.1010,0.7810
SIMGS6785H,GS,0.0030,0.0030,0.0841,0.1041,0.8058
SIMGS6788H,GS,0.0030,0.0020,0.0290,0.1518,0.8142
SIMGS6789H,GS,0.0030,0.0090,0.1898,0.0060,0.7922
SIMGS6790H,GS,0.0040,0.0010,0.0030,0.1730,0.8190
SIMJD6884H,JD,0.0160,0.0020,0.1090,0.0720,0.8010
SIMJD6886H,JD,0.0020,0.0030,0.0030,0.1780,0.8140
SIMJD6887H,JD,0.0030,0.0020,0.1700,0.0220,0.8030
SIMJD6888H,JD,0.0170,0.0050,0.1708,0.0190,0.7882
SIMJD6894H,JD,0.0480,0.0020,0.0220,0.1119,0.8162
SIMJD6895H,JD,0.0010,0.2210,0.0020,0.0010,0.7750
SIMJD6896H,JD,0.0040,0.0030,0.0040,0.1702,0.8188
SIMJD6897H,JD,0.0030,0.0020,0.0719,0.1159,0.8072
SIMJD6898H,JD,0.1010,0.0060,0.0310,0.0400,0.8220
SIMJD6899H,JD,0.1340,0.0040,0.0450,0.0480,0.7690
SIMJD6905H,JD,0.0070,0.0370,0.1060,0.0900,0.7600
SIMJD6906H,JD,0.0020,0.0030,0.0070,0.2030,0.7850
SIMJD6907H,JD,0.0900,0.0060,0.0860,0.0190,0.7990
SIMJD6908H,JD,0.0030,0.0140,0.0220,0.1670,0.7940
SIMJD6913H,JD,0.0030,0.2078,0.0060,0.0070,0.7762
SIMJS6704H,JS,0.0020,0.0020,0.0450,0.1460,0.8050
SIMJS6706H,JS,0.0040,0.0030,0.0569,0.1578,0.7782
SIMJS6707H,JS,0.0060,0.0030,0.0330,0.1950,0.7630
SIMJS6709H,JS,0.0110,0.0090,0.0070,0.1730,0.8000
SIMJS6711H,JS,0.0130,0.0080,0.1350,0.0550,0.7890
SIMJS6713H,JS,0.0100,0.0030,0.0789,0.1439,0.7642
SIMJS6715H,JS,0.0010,0.2730,0.0010,0.0010,0.7240
SIMJS6716H,JS,0.0150,0.0020,0.0060,0.2038,0.7732
SIMJS6717H,JS,0.0080,0.0020,0.1932,0.0350,0.7618
SIMJS6718H,JS,0.0020,0.0010,0.1830,0.0070,0.8070
SIMJS6725H,JS,0.0050,0.0020,0.1930,0.0090,0.7910
SIMJS6726H,JS,0.0920,0.0010,0.0020,0.1050,0.8000
SIMJS6727H,JS,0.0110,0.0030,0.0180,0.1788,0.7892
SIMJS6728H,JS,0.0040,0.0010,0.1460,0.0750,0.7740
SIMPD7015H,PD,0.0030,0.0020,0.0390,0.1251,0.8308
SIMPD7016H,PD,0.0030,0.0020,0.0050,0.2060,0.7840
SIMPD7018H,PD,0.0150,0.0120,0.0170,0.0810,0.8750
SIMPD7019H,PD,0.0020,0.0060,0.1980,0.0050,0.7890
SIMPD7021H,PD,0.0020,0.0010,0.0130,0.1910,0.7930
SIMPD7022H,PD,0.0561,0.0080,0.0070,0.1782,0.7508
SIMPD7023H,PD,0.0040,0.0100,0.0260,0.1702,0.7898
SIMPD7024H,PD,0.0020,0.0020,0.0510,0.1530,0.7920
SIMPD7025H,PD,0.0170,0.0150,0.0110,0.1321,0.8248
SIMPD7027H,PD,0.0190,0.0040,0.0591,0.1051,0.8128
SIMPD7035H,PD,0.0770,0.0080,0.0030,0.1110,0.8010
SIMPD7036H,PD,0.0040,0.0060,0.1439,0.0330,0.8132
SIMPD7037H,PD,0.1310,0.0040,0.0550,0.0100,0.8000
SIMPD7040H,PD,0.0040,0.0010,0.0030,0.1710,0.8210
SIMPD7041H,PD,0.0210,0.0130,0.1459,0.0330,0.7872
SIMPS6633H,PS,0.0150,0.0010,0.0080,0.2070,0.7690
SIMPS6634H,PS,0.0020,0.0020,0.1550,0.0540,0.7870
SIMPS6635H,PS,0.0030,0.0190,0.0410,0.1638,0.7732
SIMPS6638H,PS,0.0610,0.0010,0.0240,0.0910,0.8230
SIMPS6639H,PS,0.0030,0.0060,0.0110,0.1830,0.7970
SIMPS6641H,PS,0.0020,0.0060,0.0060,0.2008,0.7852
SIMPS6642H,PS,0.0110,0.0060,0.0140,0.1692,0.7998
SIMPS6643H,PS,0.0070,0.0270,0.1780,0.0040,0.7840
SIMPS6644H,PS,0.0010,0.0020,0.0050,0.2072,0.7848
SIMPS6645H,PS,0.0819,0.0420,0.0420,0.0360,0.7982
SIMPS6646H,PS,0.0040,0.0010,0.1860,0.0060,0.8030
SIMPS6652H,PS,0.0941,0.0040,0.0721,0.0501,0.7798
SIMPS6654H,PS,0.0320,0.0430,0.0859,0.0220,0.8172
SIMPS6657H,PS,0.0050,0.0010,0.0070,0.1750,0.8120
SIMPS6658H,PS,0.0020,0.0090,0.1538,0.0240,0.8112
SIMPS6661H,PS,0.0030,0.0140,0.0110,0.1400,0.8320
SIMWD6945H,WD,0.0010,0.0420,0.1071,0.0561,0.7938
SIMWD6947H,WD,0.0130,0.0030,0.0100,0.1840,0.7900
SIMWD6948H,WD,0.0020,0.0010,0.1500,0.0100,0.8370
SIMWD6954H,WD,0.0050,0.0010,0.0810,0.1080,0.8050
SIMWD6955H,WD,0.0220,0.0020,0.0831,0.0390,0.8539
SIMWD6956H,WD,0.0030,0.0579,0.0130,0.1259,0.8002
SIMWD6957H,WD,0.0030,0.0020,0.0660,0.1490,0.7800
SIMWD6958H,WD,0.0010,0.0070,0.0100,0.1940,0.7880
SIMWD6959H,WD,0.0150,0.0270,0.0060,0.2018,0.7502
SIMWD6962H,WD,0.0260,0.0190,0.0900,0.0770,0.7880
SIMWD6967H,WD,0.0130,0.0010,0.0040,0.1862,0.7958
SIMWD6968H,WD,0.0030,0.0360,0.0860,0.0990,0.7760
SIMWD6969H,WD,0.0020,0.0010,0.0060,0.1750,0.8160
SIMWD6972H,WD,0.0020,0.0030,0.0080,0.1750,0.8120
