SIMGD6824H,GD,0.0200,0.0090,0.0070,0.0480,0.1678,0.0060,0.7423
SIMGD6825H,GD,0.4360,0.0220,0.4290,0.0060,0.0090,0.0910,0.0070
SIMGD6826H,GD,0.3467,0.1469,0.1439,0.0090,0.0689,0.0180,0.2667
SIMGD6827H,GD,0.0250,0.0060,0.8390,0.0040,0.0480,0.0050,0.0730
SIMGD6828H,GD,0.2523,0.0270,0.0561,0.0060,0.0350,0.0240,0.5996
SIMGD6829H,GD,0.0100,0.7930,0.0250,0.0020,0.1380,0.0170,0.0150
SIMGD6831H,GD,0.0170,0.0170,0.0160,0.0030,0.0100,0.9271,0.0100
SIMGD6833H,GD,0.0680,0.0920,0.4900,0.0040,0.0110,0.0080,0.3270
SIMGD6840H,GD,0.6577,0.0200,0.0541,0.0070,0.1932,0.0571,0.0110
SIMGD6841H,GD,0.0350,0.0340,0.1301,0.0070,0.0601,0.0070,0.7267
SIMGD6844H,GD,0.0811,0.4725,0.3814,0.0060,0.0170,0.0150,0.0270
SIMGD6846H,GD,0.0080,0.0080,0.0100,0.0030,0.9439,0.0100,0.0170
SIMGD6847H,GD,0.0200,0.0690,0.5720,0.0050,0.2350,0.0490,0.0500
SIMGD6848H,GD,0.4496,0.0519,0.0430,0.0410,0.2707,0.0969,0.0470
SIMGD6851H,GD,0.0140,0.0170,0.0210,0.0090,0.0080,0.0050,0.9260
SIMGS6764H,GS,0.0090,0.0549,0.8871,0.0040,0.0110,0.0200,0.0140
SIMGS6765H,GS,0.8360,0.0210,0.0400,0.0150,0.0180,0.0610,0.0090
SIMGS6767H,GS,0.1159,0.2398,0.4476,0.0809,0.0470,0.0519,0.0170
SIMGS6768H,GS,0.0480,0.4320,0.2560,0.0860,0.0110,0.1100,0.0570
SIMGS6769H,GS,0.0280,0.0640,0.3420,0.0530,0.2050,0.0070,0.3010
SIMGS6771H,GS,0.0790,0.0520,0.7520,0.0030,0.0200,0.0100,0.0840
SIMGS6773H,GS,0.0329,0.0429,0.8443,0.0070,0.0200,0.0289,0.0240
SIMGS6775H,GS,0.1720,0.7500,0.0210,0.0120,0.0270,0.0100,0.0080
SIMGS6776H,GS,0.0090,0.1141,0.5215,0.0100,0.3013,0.0300,0.0140
SIMGS6778H,GS,0.0040,0.0070,0.0100,0.0800,0.0080,0.0050,0.8860
SIMGS6780H,GS,0.4920,0.1060,0.2750,0.0310,0.0730,0.0090,0.0140
SIMGS6784H,GS,0.5684,0.0100,0.0110,0.0410,0.3377,0.0080,0.0240
SIMGS6785H,GS,0.0190,0.3626,0.5524,0.0140,0.0090,0.0380,0.0050
SIMGS6788H,GS,0.0250,0.0911,0.3984,0.0220,0.0260,0.2953,0.1421
SIMGS6789H,GS,0.3650,0.0350,0.1660,0.0110,0.3890,0.0140,0.0200
SIMGS6790H,GS,0.1360,0.2450,0.0560,0.0400,0.1270,0.3870,0.0090
SIMJD6884H,JD,0.6910,0.0230,0.0280,0.0040,0.0070,0.1240,0.1230
SIMJD6886H,JD,0.0440,0.3750,0.5290,0.0100,0.0090,0.0100,0.0230
SIMJD6887H,JD,0.3363,0.0951,0.3393,0.0140,0.0120,0.0480,0.1552
SIMJD6888H,JD,0.1220,0.3740,0.4390,0.0090,0.0120,0.0250,0.0190
SIMJD6894H,JD,0.0220,0.4510,0.1040,0.0600,0.0370,0.0900,0.2360
SIMJD6895H,JD,0.0040,0.0050,0.0040,0.0020,0.0040,0.9770,0.0040
SIMJD6896H,JD,0.0770,0.4490,0.0610,0.0050,0.1160,0.0620,0.2300
SIMJD6897H,JD,0.2280,0.0240,0.6830,0.0220,0.0140,0.0150,0.0140
SIMJD6898H,JD,0.0370,0.4156,0.0290,0.0080,0.0300,0.1349,0.3457
SIMJD6899H,JD,0.0230,0.0130,0.0070,0.0020,0.0210,0.2280,0.7060
SIMJD6905H,JD,0.1970,0.2450,0.0310,0.0310,0.4040,0.0500,0.0420
SIMJD6906H,JD,0.0280,0.0400,0.5465,0.0060,0.0290,0.0300,0.3207
SIMJD6907H,JD,0.1802,0.2312,0.3143,0.0040,0.0260,0.0671,0.1772
SIMJD6908H,JD,0.9191,0.0100,0.0150,0.0040,0.0230,0.0200,0.0090
SIMJD6913H,JD,0.0100,0.0070,0.9160,0.0090,0.0180,0.0310,0.0090
SIMJS6704H,JS,0.4500,0.0180,0.4580,0.0050,0.0370,0.0170,0.0150
SIMJS6706H,JS,0.0130,0.5616,0.0400,0.0390,0.0100,0.0561,0.2803
SIMJS6707H,JS,0.0800,0.2410,0.4890,0.0040,0.0900,0.0190,0.0770
SIMJS6709H,JS,0.4336,0.0789,0.0100,0.0030,0.0080,0.0080,0.4585
SIMJS6711H,JS,0.2410,0.7040,0.0130,0.0030,0.0080,0.0060,0.0250
SIMJS6713H,JS,0.0130,0.1642,0.4895,0.0040,0.0120,0.0611,0.2563
SIMJS6715H,JS,0.0050,0.0090,0.0050,0.0040,0.0040,0.9670,0.0060
SIMJS6716H,JS,0.0110,0.9241,0.0180,0.0090,0.0130,0.0170,0.0080
SIMJS6717H,JS,0.0220,0.7470,0.0090,0.0070,0.1250,0.0370,0.0530
SIMJS6718H,JS,0.7270,0.0700,0.0200,0.0110,0.0230,0.1360,0.0130
SIMJS6725H,JS,0.0410,0.0440,0.0160,0.1090,0.2450,0.5380,0.0070
SIMJS6726H,JS,0.0190,0.3297,0.0170,0.0509,0.2747,0.0040,0.3047
SIMJS6727H,JS,0.1660,0.3640,0.2910,0.0230,0.0620,0.0140,0.0800
SIMJS6728H,JS,0.1419,0.0330,0.7043,0.0090,0.0230,0.0549,0.0340
SIMPD7015H,PD,0.0790,0.5050,0.1820,0.0460,0.0550,0.1200,0.0130
SIMPD7016H,PD,0.3704,0.2763,0.1792,0.0841,0.0220,0.0360,0.0320
SIMPD7018H,PD,0.0511,0.1872,0.0511,0.0420,0.0581,0.1291,0.4815
SIMPD7019H,PD,0.0100,0.8390,0.0130,0.0500,0.0570,0.0230,0.0080
SIMPD7021H,PD,0.0030,0.0040,0.0070,0.9770,0.0040,0.0020,0.0030
SIMPD7022H,PD,0.0529,0.6404,0.0400,0.0430,0.0120,0.0150,0.1968
SIMPD7023H,PD,0.0761,0.3253,0.0390,0.0781,0.0420,0.0180,0.4214
SIMPD7024H,PD,0.1260,0.5580,0.2460,0.0130,0.0130,0.0320,0.0120
SIMPD7025H,PD,0.4160,0.0620,0.1030,0.0280,0.1140,0.0150,0.2620
SIMPD7027H,PD,0.8130,0.0890,0.0120,0.0220,0.0070,0.0100,0.0470
SIMPD7035H,PD,0.0220,0.5816,0.0511,0.0050,0.0130,0.0110,0.3163
SIMPD7036H,PD,0.1840,0.1820,0.3460,0.0030,0.1230,0.1440,0.0180
SIMPD7037H,PD,0.1330,0.6960,0.0540,0.0070,0.0060,0.0940,0.0100
SIMPD7040H,PD,0.0710,0.6890,0.0170,0.0070,0.1340,0.0110,0.0710
SIMPD7041H,PD,0.0150,0.4246,0.0270,0.0030,0.2907,0.2228,0.0170
SIMPS6633H,PS,0.0200,0.4350,0.4200,0.0090,0.0150,0.0080,0.0930
SIMPS6634H,PS,0.6160,0.2440,0.0400,0.0200,0.0310,0.0140,0.0350
SIMPS6635H,PS,0.6116,0.0681,0.0070,0.1712,0.0921,0.0350,0.0150
SIMPS6638H,PS,0.0430,0.8002,0.0400,0.0050,0.0150,0.0150,0.0819
SIMPS6639H,PS,0.8216,0.0571,0.0140,0.0130,0.0531,0.0080,0.0331
SIMPS6641H,PS,0.0869,0.0839,0.5784,0.0300,0.0200,0.0789,0.1219
SIMPS6642H,PS,0.2607,0.0470,0.4585,0.0080,0.0460,0.0110,0.1688
SIMPS6643H,PS,0.4865,0.0631,0.2553,0.0040,0.0761,0.0380,0.0771
SIMPS6644H,PS,0.5560,0.2830,0.0510,0.0040,0.0860,0.0110,0.0090
SIMPS6645H,PS,0.0410,0.2210,0.5960,0.0570,0.0480,0.0120,0.0250
SIMPS6646H,PS,0.0230,0.0200,0.0929,0.0100,0.0250,0.3696,0.4595
SIMPS6652H,PS,0.3053,0.0621,0.0280,0.0050,0.3143,0.0571,0.2282
SIMPS6654H,PS,0.0200,0.1978,0.0320,0.0030,0.3606,0.0969,0.2897
SIMPS6657H,PS,0.4340,0.0840,0.0680,0.0470,0.0330,0.0100,0.3240
SIMPS6658H,PS,0.2440,0.4020,0.1660,0.0080,0.1320,0.0210,0.0270
SIMPS6661H,PS,0.3300,0.0190,0.5720,0.0070,0.0090,0.0060,0.0570
SIMWD6945H,WD,0.2312,0.0150,0.5215,0.0290,0.1722,0.0230,0.0080
SIMWD6947H,WD,0.0160,0.1320,0.7310,0.0040,0.0210,0.0740,0.0220
SIMWD6948H,WD,0.0080,0.0060,0.0220,0.0060,0.9510,0.0040,0.0030
SIMWD6954H,WD,0.3846,0.2368,0.1079,0.0030,0.0130,0.0060,0.2488
SIMWD6955H,WD,0.0641,0.5115,0.1752,0.0050,0.0130,0.0350,0.1962
SIMWD6956H,WD,0.0390,0.0550,0.6370,0.0060,0.0680,0.0180,0.1770
SIMWD6957H,WD,0.0160,0.6603,0.2228,0.0040,0.0160,0.0669,0.0140
SIMWD6958H,WD,0.3243,0.1231,0.3383,0.0030,0.0140,0.1331,0.0641
SIMWD6959H,WD,0.0200,0.0080,0.0310,0.0040,0.7660,0.1360,0.0350
SIMWD6962H,WD,0.0340,0.0480,0.8310,0.0140,0.0280,0.0120,0.0330
SIMWD6967H,WD,0.4400,0.1430,0.3300,0.0280,0.0350,0.0130,0.0110
SIMWD6968H,WD,0.3640,0.2010,0.1340,0.0170,0.1750,0.0220,0.0870
SIMWD6969H,WD,0.4545,0.2763,0.0110,0.0200,0.2142,0.0060,0.0180
SIMWD6972H,WD,0.5864,0.0410,0.0689,0.0080,0.0430,0.2398,0.0130
