SIMGD6824H,GD,0.2480,0.2870,0.2230,0.1680,0.0740
SIMGD6825H,GD,0.2218,0.0789,0.2298,0.2448,0.2248
SIMGD6826H,GD,0.2690,0.1140,0.2220,0.2080,0.1870
SIMGD6827H,GD,0.3097,0.1858,0.1189,0.2138,0.1718
SIMGD6828H,GD,0.2442,0.1912,0.1892,0.1431,0.2322
SIMGD6829H,GD,0.1968,0.1439,0.2238,0.2398,0.1958
SIMGD6831H,GD,0.1180,0.3050,0.0590,0.1130,0.4050
SIMGD6833H,GD,0.3430,0.1430,0.1200,0.2010,0.1930
SIMGD6840H,GD,0.2190,0.1290,0.2240,0.1750,0.2530
SIMGD6841H,GD,0.3060,0.2430,0.1250,0.1280,0.1980
SIMGD6844H,GD,0.3036,0.1754,0.1974,0.1473,0.1764
SIMGD6846H,GD,0.2350,0.0610,0.0720,0.2480,0.3840
SIMGD6847H,GD,0.2388,0.2118,0.1558,0.1968,0.1968
SIMGD6848H,GD,0.2787,0.1658,0.1868,0.1838,0.1848
SIMGD6851H,GD,0.1480,0.3070,0.2330,0.1670,0.1450
SIMGS6764H,GS,0.3090,0.1290,0.1620,0.2140,0.1860
SIMGS6765H,GS,0.2122,0.1371,0.2432,0.1842,0.2232
SIMGS6767H,GS,0.1758,0.1209,0.1239,0.2238,0.3556
SIMGS6768H,GS,0.1688,0.1149,0.2917,0.1848,0.2398
SIMGS6769H,GS,0.2238,0.0729,0.2557,0.2228,0.2248
SIMGS6771H,GS,0.1510,0.1200,0.1920,0.2100,0.3270
SIMGS6773H,GS,0.2362,0.0901,0.1441,0.3103,0.2192
SIMGS6775H,GS,0.2148,0.0929,0.2737,0.2727,0.1459
SIMGS6776H,GS,0.1370,0.1970,0.2410,0.1780,0.2470
SIMGS6778H,GS,0.3750,0.1390,0.1540,0.1680,0.1640
SIMGS6780H,GS,0.1740,0.0770,0.2240,0.2560,0.2690
SIMGS6784H,GS,0.2288,0.0999,0.3087,0.2657,0.0969
SIMGS6785H,GS,0.1229,0.2527,0.1299,0.2128,0.2817
SIMGS6788H,GS,0.1608,0.1908,0.2468,0.1528,0.2488
SIMGS6789H,GS,0.1820,0.1910,0.1610,0.1860,0.2800
SIMGS6790H,GS,0.1762,0.0961,0.2853,0.2442,0.1982
SIMJD6884H,JD,0.2820,0.1120,0.2710,0.1700,0.1650
SIMJD6886H,JD,0.1902,0.1331,0.2402,0.2002,0.2362
SIMJD6887H,JD,0.2280,0.1570,0.2050,0.2620,0.1480
SIMJD6888H,JD,0.2140,0.2210,0.1500,0.1930,0.2220
SIMJD6894H,JD,0.2840,0.2720,0.0840,0.1100,0.2500
SIMJD6895H,JD,0.3080,0.4160,0.1010,0.0840,0.0910
SIMJD6896H,JD,0.2930,0.1130,0.1220,0.2440,0.2280
SIMJD6897H,JD,0.1950,0.1080,0.2370,0.2510,0.2090
SIMJD6898H,JD,0.2500,0.2050,0.2510,0.1060,0.1880
SIMJD6899H,JD,0.3000,0.1720,0.0950,0.2340,0.1990
SIMJD6905H,JD,0.1650,0.1670,0.1550,0.2850,0.2280
SIMJD6906H,JD,0.2242,0.0951,0.2563,0.2402,0.1842
SIMJD6907H,JD,0.1530,0.1200,0.2680,0.2270,0.2320
SIMJD6908H,JD,0.2352,0.1381,0.2853,0.2142,0.1271
SIMJD6913H,JD,0.1922,0.0921,0.3293,0.2452,0.1411
SIMJS6704H,JS,0.1708,0.1688,0.2637,0.2188,0.1778
SIMJS6706H,JS,0.2130,0.1280,0.1890,0.2550,0.2150
SIMJS6707H,JS,0.1930,0.1270,0.1870,0.2470,0.2460
SIMJS6709H,JS,0.3790,0.1550,0.1030,0.2210,0.1420
SIMJS6711H,JS,0.2112,0.1782,0.2112,0.2182,0.1812
SIMJS6713H,JS,0.2030,0.1450,0.2680,0.2130,0.1710
SIMJS6715H,JS,0.0620,0.4970,0.2040,0.0590,0.1780
SIMJS6716H,JS,0.1780,0.2490,0.2840,0.1440,0.1450
SIMJS6717H,JS,0.1470,0.2380,0.2010,0.1810,0.2330
SIMJS6718H,JS,0.2170,0.1120,0.2660,0.2480,0.1570
SIMJS6725H,JS,0.1600,0.4020,0.1350,0.0650,0.2380
SIMJS6726H,JS,0.2430,0.1070,0.2580,0.2300,0.1620
SIMJS6727H,JS,0.2352,0.2392,0.2032,0.1542,0.1682
SIMJS6728H,JS,0.2823,0.1822,0.1471,0.2442,0.1441
SIMPD7015H,PD,0.3070,0.1670,0.2130,0.1420,0.1710
SIMPD7016H,PD,0.1261,0.0641,0.2933,0.2543,0.2623
SIMPD7018H,PD,0.1870,0.1310,0.2260,0.1740,0.2820
SIMPD7019H,PD,0.0930,0.1900,0.2040,0.1930,0.3200
SIMPD7021H,PD,0.1060,0.0530,0.4450,0.2360,0.1600
SIMPD7022H,PD,0.2360,0.1570,0.2580,0.2150,0.1340
SIMPD7023H,PD,0.2142,0.1371,0.1922,0.2422,0.2142
SIMPD7024H,PD,0.1410,0.1300,0.2070,0.2350,0.2870
SIMPD7025H,PD,0.2737,0.1209,0.1928,0.1938,0.2188
SIMPD7027H,PD,0.2580,0.2250,0.2090,0.1360,0.1720
SIMPD7035H,PD,0.3940,0.1200,0.2120,0.1690,0.1050
SIMPD7036H,PD,0.2178,0.2488,0.1808,0.1668,0.1858
SIMPD7037H,PD,0.3160,0.1250,0.2450,0.2120,0.1020
SIMPD7040H,PD,0.1449,0.0999,0.2138,0.2278,0.3137
SIMPD7041H,PD,0.1930,0.2530,0.1780,0.1890,0.1870
SIMPS6633H,PS,0.2030,0.1270,0.1620,0.2280,0.2800
SIMPS6634H,PS,0.1880,0.1310,0.3250,0.2110,0.1450
SIMPS6635H,PS,0.0900,0.1130,0.2940,0.3350,0.1680
SIMPS6638H,PS,0.2390,0.1000,0.1910,0.2230,0.2470
SIMPS6639H,PS,0.2090,0.0950,0.2400,0.2260,0.2300
SIMPS6641H,PS,0.1548,0.1339,0.2028,0.2697,0.2388
SIMPS6642H,PS,0.3080,0.0760,0.2690,0.2280,0.1190
SIMPS6643H,PS,0.2252,0.2583,0.1832,0.1732,0.1602
SIMPS6644H,PS,0.1810,0.1130,0.1910,0.2960,0.2190
SIMPS6645H,PS,0.1290,0.2330,0.2240,0.1660,0.2480
SIMPS6646H,PS,0.2400,0.2010,0.0790,0.1750,0.3050
SIMPS6652H,PS,0.2060,0.2500,0.2140,0.1570,0.1730
SIMPS6654H,PS,0.3940,0.1870,0.0810,0.1930,0.1450
SIMPS6657H,PS,0.2100,0.0940,0.2140,0.2340,0.2480
SIMPS6658H,PS,0.2517,0.1978,0.2488,0.1309,0.1708
SIMPS6661H,PS,0.2280,0.2070,0.2170,0.1240,0.2240
SIMWD6945H,WD,0.2480,0.1170,0.2070,0.2330,0.1950
SIMWD6947H,WD,0.1990,0.1410,0.1930,0.2300,0.2370
SIMWD6948H,WD,0.3427,0.0609,0.2128,0.1988,0.1848
SIMWD6954H,WD,0.2543,0.0681,0.1902,0.2583,0.2292
SIMWD6955H,WD,0.2940,0.1440,0.1810,0.1770,0.2040
SIMWD6956H,WD,0.2290,0.1600,0.2220,0.1630,0.2260
SIMWD6957H,WD,0.2358,0.1319,0.1618,0.2088,0.2617
SIMWD6958H,WD,0.2250,0.1510,0.1760,0.2220,0.2260
SIMWD6959H,WD,0.1580,0.3080,0.1330,0.1500,0.2510
SIMWD6962H,WD,0.3000,0.1120,0.1460,0.1860,0.2560
SIMWD6967H,WD,0.2510,0.1450,0.0960,0.2160,0.2920
SIMWD6968H,WD,0.1640,0.2450,0.2040,0.1750,0.2120
SIMWD6969H,WD,0.1850,0.1300,0.3010,0.2270,0.1570
SIMWD6972H,WD,0.1430,0.1000,0.2350,0.2640,0.2580
