SIMGD6824H,GD,0.6311,0.0082,0.2305,0.1302
SIMGD6825H,GD,0.7652,0.0240,0.0325,0.1783
SIMGD6826H,GD,0.7107,0.0101,0.0354,0.2438
SIMGD6827H,GD,0.7484,0.0083,0.0655,0.1778
SIMGD6828H,GD,0.6317,0.0173,0.1006,0.2504
SIMGD6829H,GD,0.6764,0.0244,0.0425,0.2567
SIMGD6831H,GD,0.5992,0.3108,0.0422,0.0479
SIMGD6833H,GD,0.7369,0.0115,0.0777,0.1739
SIMGD6840H,GD,0.6202,0.0380,0.0144,0.3274
SIMGD6841H,GD,0.6631,0.0251,0.1291,0.1827
SIMGD6844H,GD,0.7316,0.0132,0.0292,0.2260
SIMGD6846H,GD,0.5712,0.1177,0.0707,0.2403
SIMGD6847H,GD,0.7063,0.0507,0.0397,0.2033
SIMGD6848H,GD,0.7527,0.0564,0.0363,0.1546
SIMGD6851H,GD,0.6170,0.0136,0.2055,0.1639
SIMGS6764H,GS,0.8206,0.0234,0.0335,0.1225
SIMGS6765H,GS,0.7270,0.0336,0.0220,0.2174
SIMGS6767H,GS,0.7715,0.0263,0.0111,0.1911
SIMGS6768H,GS,0.8136,0.0372,0.0272,0.1220
SIMGS6769H,GS,0.6260,0.0102,0.0892,0.2746
SIMGS6771H,GS,0.7627,0.0273,0.0354,0.1746
SIMGS6773H,GS,0.7752,0.0292,0.0339,0.1618
SIMGS6775H,GS,0.7849,0.0192,0.0348,0.1611
SIMGS6776H,GS,0.7200,0.0640,0.0292,0.1868
SIMGS6778H,GS,0.5846,0.1598,0.2423,0.0133
SIMGS6780H,GS,0.6069,0.0122,0.0310,0.3499
SIMGS6784H,GS,0.5726,0.0368,0.0935,0.2971
SIMGS6785H,GS,0.8314,0.0211,0.0300,0.1175
SIMGS6788H,GS,0.7094,0.0536,0.0471,0.1899
SIMGS6789H,GS,0.5897,0.0384,0.0672,0.3047
SIMGS6790H,GS,0.6618,0.0518,0.0444,0.2420
SIMJD6884H,JD,0.6872,0.0482,0.0464,0.2182
SIMJD6886H,JD,0.8384,0.0129,0.0372,0.1115
SIMJD6887H,JD,0.7752,0.0247,0.0359,0.1641
SIMJD6888H,JD,0.8032,0.0341,0.0152,0.1475
SIMJD6894H,JD,0.7626,0.0340,0.0778,0.1256
SIMJD6895H,JD,0.5540,0.4314,0.0107,0.0039
SIMJD6896H,JD,0.6160,0.0290,0.0546,0.3004
SIMJD6897H,JD,0.7163,0.0132,0.0102,0.2603
SIMJD6898H,JD,0.6927,0.0688,0.0675,0.1710
SIMJD6899H,JD,0.6618,0.0691,0.0973,0.1719
SIMJD6905H,JD,0.6254,0.0627,0.0501,0.2619
SIMJD6906H,JD,0.6106,0.0178,0.0385,0.3331
SIMJD6907H,JD,0.7747,0.0380,0.0614,0.1258
SIMJD6908H,JD,0.5869,0.0222,0.0326,0.3583
SIMJD6913H,JD,0.6213,0.1054,0.1156,0.1577
SIMJS6704H,JS,0.6924,0.0167,0.0400,0.2509
SIMJS6706H,JS,0.7889,0.0212,0.0489,0.1410
SIMJS6707H,JS,0.7355,0.0232,0.0722,0.1691
SIMJS6709H,JS,0.6864,0.0244,0.0779,0.2113
SIMJS6711H,JS,0.7988,0.0150,0.0415,0.1447
SIMJS6713H,JS,0.7519,0.0283,0.0404,0.1794
SIMJS6715H,JS,0.5550,0.3021,0.1265,0.0165
SIMJS6716H,JS,0.6556,0.0183,0.0341,0.2920
SIMJS6717H,JS,0.7482,0.0751,0.0983,0.0784
SIMJS6718H,JS,0.7757,0.0308,0.0278,0.1657
SIMJS6725H,JS,0.6090,0.1420,0.0639,0.1852
SIMJS6726H,JS,0.6954,0.0085,0.0927,0.2034
SIMJS6727H,JS,0.6231,0.0113,0.0628,0.3028
SIMJS6728H,JS,0.7782,0.0259,0.0115,0.1844
SIMPD7015H,PD,0.7580,0.0400,0.0153,0.1868
SIMPD7016H,PD,0.6903,0.0158,0.0280,0.2659
SIMPD7018H,PD,0.6289,0.0326,0.0917,0.2468
SIMPD7019H,PD,0.8062,0.0485,0.0202,0.1250
SIMPD7021H,PD,0.5604,0.0039,0.2341,0.2016
SIMPD7022H,PD,0.6707,0.0160,0.0607,0.2526
SIMPD7023H,PD,0.7186,0.0275,0.0572,0.1968
SIMPD7024H,PD,0.7919,0.0230,0.0149,0.1702
SIMPD7025H,PD,0.6195,0.0290,0.0845,0.2670
SIMPD7027H,PD,0.7452,0.0124,0.0162,0.2261
SIMPD7035H,PD,0.8112,0.0186,0.0714,0.0988
SIMPD7036H,PD,0.7131,0.0760,0.0163,0.1946
SIMPD7037H,PD,0.7989,0.0490,0.0637,0.0884
SIMPD7040H,PD,0.6891,0.0169,0.0636,0.2304
SIMPD7041H,PD,0.6805,0.0886,0.0700,0.1608
SIMPS6633H,PS,0.7961,0.0127,0.0477,0.1434
SIMPS6634H,PS,0.7595,0.0116,0.0174,0.2115
SIMPS6635H,PS,0.5843,0.0444,0.1185,0.2528
SIMPS6638H,PS,0.8297,0.0156,0.0603,0.0944
SIMPS6639H,PS,0.5942,0.0176,0.0203,0.3679
SIMPS6641H,PS,0.7913,0.0264,0.0352,0.1471
SIMPS6642H,PS,0.8097,0.0152,0.0285,0.1466
SIMPS6643H,PS,0.7932,0.0523,0.0266,0.1279
SIMPS6644H,PS,0.7632,0.0190,0.0173,0.2005
SIMPS6645H,PS,0.7380,0.0353,0.0373,0.1894
SIMPS6646H,PS,0.7113,0.1283,0.0537,0.1067
SIMPS6652H,PS,0.6652,0.0537,0.0941,0.1870
SIMPS6654H,PS,0.6296,0.0793,0.0860,0.2052
SIMPS6657H,PS,0.7101,0.0136,0.0604,0.2159
SIMPS6658H,PS,0.7217,0.0369,0.0391,0.2023
SIMPS6661H,PS,0.8051,0.0221,0.0549,0.1179
SIMWD6945H,WD,0.7207,0.0435,0.0234,0.2124
SIMWD6947H,WD,0.8291,0.0385,0.0244,0.1080
SIMWD6948H,WD,0.6442,0.0500,0.0237,0.2821
SIMWD6954H,WD,0.6150,0.0088,0.0458,0.3304
SIMWD6955H,WD,0.8366,0.0325,0.0342,0.0967
SIMWD6956H,WD,0.7574,0.0397,0.0506,0.1523
SIMWD6957H,WD,0.8038,0.0326,0.0243,0.1393
SIMWD6958H,WD,0.6069,0.0382,0.0318,0.3232
SIMWD6959H,WD,0.5630,0.1343,0.1129,0.1898
SIMWD6962H,WD,0.8207,0.0262,0.0433,0.1098
SIMWD6967H,WD,0.8272,0.0134,0.0176,0.1419
SIMWD6968H,WD,0.6018,0.0315,0.0301,0.3366
SIMWD6969H,WD,0.5973,0.0128,0.0373,0.3526
SIMWD6972H,WD,0.6522,0.0477,0.0074,0.2927
