SIMGD6824H,GD,0.0240,0.0360,0.6260,0.3140
SIMGD6825H,GD,0.4296,0.2158,0.0599,0.2947
SIMGD6826H,GD,0.3730,0.0610,0.2960,0.2700
SIMGD6827H,GD,0.6246,0.0300,0.1281,0.2172
SIMGD6828H,GD,0.1170,0.0960,0.5520,0.2350
SIMGD6829H,GD,0.5130,0.2060,0.2200,0.0610
SIMGD6831H,GD,0.0939,0.8342,0.0360,0.0360
SIMGD6833H,GD,0.5280,0.0680,0.3390,0.0650
SIMGD6840H,GD,0.0949,0.2907,0.0869,0.5275
SIMGD6841H,GD,0.1782,0.0511,0.6897,0.0811
SIMGD6844H,GD,0.5930,0.1070,0.1260,0.1740
SIMGD6846H,GD,0.0490,0.4124,0.3383,0.2002
SIMGD6847H,GD,0.4330,0.2720,0.2280,0.0670
SIMGD6848H,GD,0.0939,0.3806,0.1668,0.3586
SIMGD6851H,GD,0.2150,0.0330,0.7090,0.0430
SIMGS6764H,GS,0.6510,0.1670,0.1180,0.0640
SIMGS6765H,GS,0.4260,0.1820,0.0430,0.3490
SIMGS6767H,GS,0.4140,0.1230,0.0780,0.3850
SIMGS6768H,GS,0.3994,0.2843,0.1381,0.1782
SIMGS6769H,GS,0.1780,0.0380,0.4230,0.3610
SIMGS6771H,GS,0.5710,0.1500,0.1490,0.1300
SIMGS6773H,GS,0.5300,0.2510,0.1310,0.0880
SIMGS6775H,GS,0.4670,0.1500,0.1410,0.2420
SIMGS6776H,GS,0.4870,0.2710,0.1480,0.0940
SIMGS6778H,GS,0.0300,0.0510,0.8920,0.0270
SIMGS6780H,GS,0.2170,0.0990,0.1380,0.5460
SIMGS6784H,GS,0.0841,0.0941,0.1371,0.6847
SIMGS6785H,GS,0.6940,0.1600,0.0430,0.1030
SIMGS6788H,GS,0.3870,0.3110,0.1900,0.1120
SIMGS6789H,GS,0.1431,0.1491,0.2122,0.4955
SIMGS6790H,GS,0.1790,0.4370,0.0760,0.3080
SIMJD6884H,JD,0.0870,0.3030,0.2280,0.3820
SIMJD6886H,JD,0.7227,0.0921,0.1331,0.0521
SIMJD6887H,JD,0.3800,0.2000,0.1820,0.2380
SIMJD6888H,JD,0.5330,0.1760,0.0810,0.2100
SIMJD6894H,JD,0.3410,0.2380,0.3090,0.1120
SIMJD6895H,JD,0.0360,0.9290,0.0180,0.0170
SIMJD6896H,JD,0.2492,0.2553,0.3674,0.1281
SIMJD6897H,JD,0.3730,0.0970,0.0600,0.4700
SIMJD6898H,JD,0.1522,0.3463,0.4464,0.0551
SIMJD6899H,JD,0.0380,0.2593,0.6597,0.0430
SIMJD6905H,JD,0.1199,0.3227,0.2068,0.3506
SIMJD6906H,JD,0.4344,0.1191,0.3093,0.1371
SIMJD6907H,JD,0.3483,0.2482,0.2482,0.1552
SIMJD6908H,JD,0.1001,0.1612,0.0420,0.6967
SIMJD6913H,JD,0.3914,0.2753,0.0440,0.2893
SIMJS6704H,JS,0.3510,0.1430,0.1020,0.4040
SIMJS6706H,JS,0.2680,0.1910,0.3960,0.1450
SIMJS6707H,JS,0.3710,0.1680,0.2540,0.2070
SIMJS6709H,JS,0.1240,0.0750,0.5370,0.2640
SIMJS6711H,JS,0.5570,0.1150,0.2040,0.1240
SIMJS6713H,JS,0.4420,0.2200,0.2750,0.0630
SIMJS6715H,JS,0.0240,0.9310,0.0190,0.0260
SIMJS6716H,JS,0.7370,0.1530,0.0440,0.0660
SIMJS6717H,JS,0.1950,0.3550,0.3390,0.1110
SIMJS6718H,JS,0.1200,0.2730,0.0590,0.5480
SIMJS6725H,JS,0.0611,0.5265,0.0300,0.3824
SIMJS6726H,JS,0.2410,0.0560,0.5300,0.1730
SIMJS6727H,JS,0.3240,0.0880,0.2040,0.3840
SIMJS6728H,JS,0.4560,0.1910,0.0650,0.2880
SIMPD7015H,PD,0.3690,0.3360,0.0680,0.2270
SIMPD7016H,PD,0.2490,0.1330,0.1340,0.4840
SIMPD7018H,PD,0.1710,0.2160,0.5150,0.0980
SIMPD7019H,PD,0.4780,0.1660,0.0850,0.2710
SIMPD7021H,PD,0.0550,0.0230,0.0520,0.8700
SIMPD7022H,PD,0.3460,0.1000,0.3480,0.2060
SIMPD7023H,PD,0.2737,0.1568,0.4086,0.1608
SIMPD7024H,PD,0.3860,0.2030,0.1060,0.3050
SIMPD7025H,PD,0.2292,0.0861,0.3133,0.3714
SIMPD7027H,PD,0.3350,0.1090,0.0870,0.4690
SIMPD7035H,PD,0.3930,0.0810,0.4570,0.0690
SIMPD7036H,PD,0.4150,0.3520,0.0850,0.1480
SIMPD7037H,PD,0.3410,0.3340,0.0740,0.2510
SIMPD7040H,PD,0.2840,0.1440,0.2940,0.2780
SIMPD7041H,PD,0.2620,0.4340,0.2100,0.0940
SIMPS6633H,PS,0.5936,0.1061,0.2392,0.0611
SIMPS6634H,PS,0.3463,0.0941,0.1311,0.4284
SIMPS6635H,PS,0.0749,0.1718,0.1089,0.6444
SIMPS6638H,PS,0.4396,0.1369,0.3057,0.1179
SIMPS6639H,PS,0.1280,0.1200,0.1390,0.6130
SIMPS6641H,PS,0.3010,0.2360,0.2380,0.2250
SIMPS6642H,PS,0.4510,0.0840,0.2370,0.2280
SIMPS6643H,PS,0.3860,0.2230,0.1530,0.2380
SIMPS6644H,PS,0.3724,0.1542,0.0791,0.3944
SIMPS6645H,PS,0.4620,0.1610,0.1120,0.2650
SIMPS6646H,PS,0.1680,0.4480,0.3400,0.0440
SIMPS6652H,PS,0.1120,0.3120,0.3880,0.1880
SIMPS6654H,PS,0.1359,0.3017,0.4635,0.0989
SIMPS6657H,PS,0.2580,0.0960,0.3350,0.3110
SIMPS6658H,PS,0.4110,0.2550,0.1660,0.1680
SIMPS6661H,PS,0.4150,0.0830,0.2060,0.2960
SIMWD6945H,WD,0.2880,0.1810,0.0430,0.4880
SIMWD6947H,WD,0.5710,0.2930,0.0840,0.0520
SIMWD6948H,WD,0.3350,0.0720,0.0380,0.5550
SIMWD6954H,WD,0.3684,0.0631,0.3393,0.2292
SIMWD6955H,WD,0.4800,0.1630,0.2490,0.1080
SIMWD6956H,WD,0.3400,0.2480,0.2510,0.1610
SIMWD6957H,WD,0.5230,0.2740,0.1360,0.0670
SIMWD6958H,WD,0.2757,0.2577,0.2118,0.2547
SIMWD6959H,WD,0.0500,0.3280,0.3530,0.2690
SIMWD6962H,WD,0.5330,0.1060,0.2130,0.1480
SIMWD6967H,WD,0.5530,0.1110,0.0590,0.2770
SIMWD6968H,WD,0.2630,0.1410,0.2010,0.3950
SIMWD6969H,WD,0.1850,0.1120,0.1830,0.5200
SIMWD6972H,WD,0.1340,0.3020,0.0510,0.5130
