AFMGD6799H,GD,0.0020,0.9870,0.0070,0.0010,0.0030
AFMGD6801H,GD,0.0561,0.5756,0.0430,0.0060,0.3193
AFMGD6802H,GD,0.0040,0.0160,0.2830,0.0060,0.6910
AFMGD6803H,GD,0.0811,0.3373,0.1161,0.0150,0.4505
AFMGD6804H,GD,0.0060,0.6610,0.0080,0.1010,0.2240
AFMGD6805H,GD,0.3560,0.0700,0.4310,0.0760,0.0670
AFMGD6812H,GD,0.0400,0.4815,0.0739,0.0030,0.4016
AFMGD6814H,GD,0.2503,0.5916,0.0160,0.0030,0.1391
AFMGD6818H,GD,0.2160,0.0060,0.0230,0.0020,0.7530
AFMGD6819H,GD,0.2230,0.4140,0.0070,0.0070,0.3490
AFMGD6820H,GD,0.2830,0.1930,0.3160,0.0450,0.1630
AFMGD6821H,GD,0.2302,0.3774,0.1682,0.1131,0.1111
AFMGD6822H,GD,0.0050,0.6226,0.0310,0.0130,0.3283
AFMGS6734H,GS,0.8540,0.0020,0.1210,0.0020,0.0210
AFMGS6735H,GS,0.6410,0.0090,0.1990,0.0110,0.1400
AFMGS6736H,GS,0.0220,0.0040,0.9459,0.0020,0.0260
AFMGS6737H,GS,0.4010,0.2280,0.3640,0.0040,0.0030
AFMGS6738H,GS,0.2850,0.0190,0.5350,0.0020,0.1590
AFMGS6739H,GS,0.0130,0.0150,0.7960,0.1700,0.0060
AFMGS6740H,GS,0.4460,0.0050,0.5310,0.0110,0.0070
AFMGS6743H,GS,0.2530,0.0030,0.7340,0.0050,0.0050
AFMGS6745H,GS,0.3730,0.2130,0.3120,0.0240,0.0780
AFMGS6747H,GS,0.1910,0.0900,0.6940,0.0030,0.0220
AFMGS6750H,GS,0.1700,0.0140,0.8070,0.0030,0.0060
AFMGS6751H,GS,0.8280,0.0050,0.0560,0.0080,0.1030
AFMGS6752H,GS,0.7090,0.0030,0.2820,0.0020,0.0040
AFMGS6755H,GS,0.6500,0.0760,0.2520,0.0130,0.0090
AFMGS6756H,GS,0.0060,0.1918,0.7952,0.0020,0.0050
AFMJD6855H,JD,0.0070,0.0440,0.4374,0.0030,0.5085
AFMJD6856H,JD,0.0040,0.0070,0.0060,0.0020,0.9810
AFMJD6857H,JD,0.1031,0.7748,0.1101,0.0040,0.0080
AFMJD6858H,JD,0.0100,0.5596,0.1241,0.0360,0.2703
AFMJD6859H,JD,0.0529,0.6643,0.0020,0.1489,0.1319
AFMJD6861H,JD,0.0160,0.3157,0.3497,0.0080,0.3107
AFMJD6864H,JD,0.1370,0.6140,0.2130,0.0300,0.0060
AFMJD6873H,JD,0.0080,0.8180,0.0350,0.0150,0.1240
AFMJD6875H,JD,0.1091,0.6767,0.1391,0.0270,0.0480
AFMJD6876H,JD,0.0070,0.2070,0.2110,0.0280,0.5470
AFMJD6877H,JD,0.0921,0.2022,0.1041,0.0911,0.5105
AFMJD6878H,JD,0.0080,0.0780,0.0510,0.1930,0.6700
AFMJS6675H,JS,0.8178,0.1662,0.0110,0.0030,0.0020
AFMJS6676H,JS,0.4450,0.0220,0.4960,0.0290,0.0080
AFMJS6678H,JS,0.0020,0.0040,0.9880,0.0030,0.0030
AFMJS6680H,JS,0.2663,0.0541,0.5706,0.1051,0.0040
AFMJS6681H,JS,0.4930,0.0210,0.4540,0.0290,0.0030
AFMJS6682H,JS,0.0530,0.1600,0.6290,0.0190,0.1390
AFMJS6683H,JS,0.7862,0.0100,0.1908,0.0080,0.0050
AFMJS6687H,JS,0.1800,0.1610,0.6480,0.0090,0.0020
AFMJS6694H,JS,0.4030,0.0140,0.5480,0.0050,0.0300
AFMJS6695H,JS,0.6050,0.0670,0.3120,0.0050,0.0110
AFMJS6696H,JS,0.3033,0.1011,0.5395,0.0450,0.0110
AFMJS6698H,JS,0.2940,0.3460,0.3500,0.0050,0.0050
AFMJS6700H,JS,0.4130,0.0150,0.4320,0.1350,0.0050
AFMJS6702H,JS,0.3724,0.3604,0.2432,0.0170,0.0070
AFMPD6983H,PD,0.1020,0.0850,0.5260,0.2780,0.0090
AFMPD6985H,PD,0.2577,0.6883,0.0060,0.0040,0.0440
AFMPD6986H,PD,0.0100,0.7200,0.0170,0.1860,0.0670
AFMPD6987H,PD,0.0020,0.3407,0.0020,0.0030,0.6523
AFMPD6988H,PD,0.1190,0.0950,0.2560,0.0060,0.5240
AFMPD6989H,PD,0.0160,0.7970,0.1760,0.0080,0.0030
AFMPD6990H,PD,0.1271,0.5676,0.1992,0.0170,0.0891
AFMPD6991H,PD,0.0200,0.5410,0.1290,0.0170,0.2930
AFMPD6992H,PD,0.0759,0.4266,0.1259,0.3347,0.0370
AFMPD6993H,PD,0.1450,0.2370,0.1870,0.0840,0.3470
AFMPD6995H,PD,0.2620,0.4980,0.1180,0.1010,0.0210
AFMPD6998H,PD,0.0601,0.6226,0.1792,0.0691,0.0691
AFMPD7000H,PD,0.0060,0.4600,0.1810,0.3030,0.0500
AFMPD7001H,PD,0.0060,0.4330,0.5360,0.0050,0.0200
AFMPD7005H,PD,0.0719,0.3217,0.1399,0.2488,0.2178
AFMPD7006H,PD,0.1351,0.3594,0.0310,0.3023,0.1722
AFMPS6602H,PS,0.6570,0.0200,0.3120,0.0060,0.0050
AFMPS6603H,PS,0.7230,0.0110,0.2610,0.0020,0.0030
AFMPS6608H,PS,0.6304,0.2757,0.0829,0.0050,0.0060
AFMPS6610H,PS,0.6204,0.0310,0.3407,0.0040,0.0040
AFMPS6612H,PS,0.8990,0.0540,0.0110,0.0270,0.0090
AFMPS6613H,PS,0.5215,0.2272,0.2202,0.0260,0.0050
AFMPS6618H,PS,0.7562,0.0879,0.0100,0.1019,0.0440
AFMPS6622H,PS,0.8770,0.0100,0.1060,0.0030,0.0040
AFMPS6623H,PS,0.5145,0.0480,0.3806,0.0529,0.0040
AFMPS6625H,PS,0.2970,0.1990,0.3650,0.0360,0.1030
AFMPS6626H,PS,0.4510,0.0480,0.2700,0.2230,0.0080
AFMPS6627H,PS,0.7467,0.0080,0.1872,0.0551,0.0030
AFMPX6982H,PD,0.0050,0.4735,0.2767,0.1568,0.0879
AFMWD6915H,WD,0.0060,0.3257,0.2328,0.3896,0.0460
AFMWD6916H,WD,0.1091,0.0130,0.0240,0.6737,0.1802
AFMWD6917H,WD,0.0170,0.0130,0.0430,0.8270,0.1000
AFMWD6918H,WD,0.0090,0.2130,0.3260,0.4470,0.0050
AFMWD6919H,WD,0.0180,0.2230,0.0900,0.6660,0.0030
AFMWD6920H,WD,0.0060,0.2610,0.3810,0.3240,0.0280
AFMWD6921H,WD,0.0070,0.0610,0.0310,0.8890,0.0120
AFMWD6922H,WD,0.0200,0.0340,0.1240,0.4770,0.3450
AFMWD6923H,WD,0.0050,0.1490,0.2510,0.5810,0.0140
AFMWD6924H,WD,0.0260,0.0050,0.0080,0.8080,0.1530
AFMWD6926H,WD,0.0200,0.0240,0.3990,0.0400,0.5170
AFMWD6933H,WD,0.0030,0.2002,0.1942,0.5996,0.0030
AFMWD6935H,WD,0.0040,0.0020,0.0020,0.9069,0.0851
AFMWD6936H,WD,0.2070,0.3180,0.0270,0.3340,0.1140
