AFMGD6799H,GD,0.0010,0.0010,0.0010,0.0010,0.0010,0.9940,0.0010
AFMGD6801H,GD,0.0060,0.4416,0.0060,0.0210,0.2537,0.0230,0.2488
AFMGD6802H,GD,0.0020,0.0040,0.0020,0.0040,0.9450,0.0300,0.0130
AFMGD6803H,GD,0.0030,0.2435,0.0250,0.0240,0.3283,0.0070,0.3693
AFMGD6804H,GD,0.0010,0.9910,0.0020,0.0010,0.0020,0.0010,0.0020
AFMGD6805H,GD,0.0280,0.0070,0.2428,0.5594,0.0020,0.0040,0.1568
AFMGD6812H,GD,0.0020,0.3340,0.0150,0.0450,0.0320,0.0710,0.5010
AFMGD6814H,GD,0.0020,0.4990,0.0280,0.2490,0.0770,0.1070,0.0380
AFMGD6818H,GD,0.0010,0.0020,0.0020,0.0950,0.6720,0.0020,0.2260
AFMGD6819H,GD,0.0030,0.3910,0.2560,0.0040,0.0030,0.0010,0.3420
AFMGD6820H,GD,0.0901,0.0851,0.0130,0.5285,0.2392,0.0310,0.0130
AFMGD6821H,GD,0.1212,0.0150,0.2565,0.2615,0.2094,0.1293,0.0070
AFMGD6822H,GD,0.0010,0.9810,0.0020,0.0020,0.0030,0.0020,0.0090
AFMGS6734H,GS,0.0010,0.0020,0.0220,0.9640,0.0020,0.0010,0.0080
AFMGS6735H,GS,0.0050,0.0020,0.0040,0.7270,0.2540,0.0030,0.0050
AFMGS6736H,GS,0.0010,0.0020,0.0040,0.8382,0.0090,0.0080,0.1379
AFMGS6737H,GS,0.0020,0.0030,0.3000,0.6770,0.0100,0.0060,0.0020
AFMGS6738H,GS,0.0020,0.0010,0.0090,0.5876,0.2252,0.0811,0.0941
AFMGS6739H,GS,0.0110,0.2422,0.0130,0.6276,0.0981,0.0030,0.0050
AFMGS6740H,GS,0.0020,0.0010,0.1470,0.8020,0.0030,0.0030,0.0420
AFMGS6743H,GS,0.0020,0.0010,0.0040,0.8260,0.1580,0.0060,0.0030
AFMGS6745H,GS,0.0050,0.0070,0.5460,0.3820,0.0450,0.0020,0.0130
AFMGS6747H,GS,0.0020,0.0230,0.3267,0.5964,0.0030,0.0020,0.0470
AFMGS6750H,GS,0.0010,0.0040,0.0160,0.7820,0.1870,0.0070,0.0030
AFMGS6751H,GS,0.0620,0.0130,0.0070,0.8030,0.1050,0.0010,0.0090
AFMGS6752H,GS,0.0020,0.0020,0.0010,0.9890,0.0020,0.0010,0.0030
AFMGS6755H,GS,0.0030,0.0460,0.0370,0.7978,0.0160,0.0971,0.0030
AFMGS6756H,GS,0.0020,0.0270,0.0841,0.5726,0.2723,0.0280,0.0140
AFMJD6855H,JD,0.0020,0.0020,0.0160,0.0140,0.0070,0.0070,0.9520
AFMJD6856H,JD,0.0010,0.0020,0.0010,0.0010,0.0010,0.0010,0.9930
AFMJD6857H,JD,0.0050,0.3510,0.0500,0.0860,0.0040,0.3440,0.1600
AFMJD6858H,JD,0.0080,0.0280,0.3197,0.0270,0.0040,0.3197,0.2937
AFMJD6859H,JD,0.1350,0.5960,0.0080,0.0020,0.0650,0.1870,0.0070
AFMJD6861H,JD,0.0030,0.1131,0.1792,0.0340,0.0140,0.0150,0.6416
AFMJD6864H,JD,0.0020,0.0100,0.8497,0.0291,0.0020,0.1042,0.0030
AFMJD6873H,JD,0.0050,0.2190,0.5980,0.0060,0.0550,0.0480,0.0690
AFMJD6875H,JD,0.0040,0.3290,0.5060,0.1190,0.0100,0.0220,0.0100
AFMJD6876H,JD,0.0030,0.0331,0.2405,0.0040,0.1363,0.0040,0.5792
AFMJD6877H,JD,0.1310,0.0320,0.0220,0.0620,0.0540,0.0050,0.6940
AFMJD6878H,JD,0.2190,0.0260,0.0250,0.0030,0.0060,0.0290,0.6920
AFMJS6675H,JS,0.0020,0.2130,0.0050,0.7750,0.0020,0.0020,0.0010
AFMJS6676H,JS,0.0200,0.0040,0.0370,0.8630,0.0460,0.0030,0.0270
AFMJS6678H,JS,0.0040,0.0020,0.0160,0.7230,0.2180,0.0340,0.0030
AFMJS6680H,JS,0.1420,0.1430,0.0150,0.6440,0.0030,0.0060,0.0470
AFMJS6681H,JS,0.0070,0.0040,0.1220,0.8200,0.0040,0.0420,0.0010
AFMJS6682H,JS,0.0070,0.0601,0.0110,0.5335,0.3373,0.0160,0.0350
AFMJS6683H,JS,0.0080,0.0460,0.0040,0.9290,0.0030,0.0020,0.0080
AFMJS6687H,JS,0.0050,0.1200,0.1540,0.6930,0.0110,0.0140,0.0030
AFMJS6694H,JS,0.0010,0.0030,0.4280,0.5580,0.0040,0.0020,0.0040
AFMJS6695H,JS,0.0040,0.0050,0.0080,0.9220,0.0090,0.0220,0.0300
AFMJS6696H,JS,0.0571,0.0040,0.1341,0.6547,0.0931,0.0120,0.0450
AFMJS6698H,JS,0.0020,0.3247,0.0140,0.6064,0.0430,0.0060,0.0040
AFMJS6700H,JS,0.0551,0.0741,0.1712,0.6917,0.0040,0.0010,0.0030
AFMJS6702H,JS,0.0100,0.0210,0.4565,0.4795,0.0240,0.0010,0.0080
AFMPD6983H,PD,0.2138,0.0080,0.3467,0.4146,0.0090,0.0020,0.0060
AFMPD6985H,PD,0.0020,0.3630,0.3530,0.1230,0.0280,0.1200,0.0110
AFMPD6986H,PD,0.0060,0.3200,0.5270,0.0040,0.0780,0.0530,0.0120
AFMPD6987H,PD,0.0020,0.4010,0.0030,0.0010,0.1450,0.0050,0.4430
AFMPD6988H,PD,0.0010,0.0120,0.0050,0.0030,0.9760,0.0010,0.0020
AFMPD6989H,PD,0.0370,0.0090,0.1289,0.1409,0.0030,0.6773,0.0040
AFMPD6990H,PD,0.0080,0.1580,0.4240,0.1760,0.1170,0.1110,0.0060
AFMPD6991H,PD,0.0120,0.0370,0.2747,0.0060,0.1069,0.2657,0.2977
AFMPD6992H,PD,0.2100,0.2340,0.4150,0.0440,0.0830,0.0110,0.0030
AFMPD6993H,PD,0.1439,0.0639,0.0659,0.1738,0.1299,0.0769,0.3457
AFMPD6995H,PD,0.0030,0.1271,0.7728,0.0320,0.0020,0.0030,0.0601
AFMPD6998H,PD,0.0210,0.1300,0.2890,0.1430,0.0390,0.3060,0.0720
AFMPD7000H,PD,0.0120,0.0020,0.9101,0.0020,0.0629,0.0060,0.0050
AFMPD7001H,PD,0.0030,0.0010,0.3370,0.1390,0.0560,0.2370,0.2270
AFMPD7005H,PD,0.2330,0.2560,0.1950,0.0580,0.0520,0.0120,0.1940
AFMPD7006H,PD,0.0080,0.4344,0.3934,0.0901,0.0521,0.0040,0.0180
AFMPS6602H,PS,0.0020,0.0050,0.2378,0.7423,0.0070,0.0030,0.0030
AFMPS6603H,PS,0.0010,0.0030,0.0080,0.9820,0.0010,0.0030,0.0020
AFMPS6608H,PS,0.0030,0.2613,0.0050,0.7227,0.0040,0.0020,0.0020
AFMPS6610H,PS,0.0020,0.0120,0.0050,0.9100,0.0100,0.0580,0.0030
AFMPS6612H,PS,0.0570,0.0550,0.0060,0.8580,0.0020,0.0140,0.0080
AFMPS6613H,PS,0.0130,0.0210,0.0801,0.7618,0.0020,0.1181,0.0040
AFMPS6618H,PS,0.2630,0.0120,0.0260,0.6380,0.0560,0.0020,0.0030
AFMPS6622H,PS,0.0030,0.0160,0.0100,0.9610,0.0030,0.0010,0.0060
AFMPS6623H,PS,0.0740,0.0020,0.0790,0.7910,0.0160,0.0350,0.0030
AFMPS6625H,PS,0.0210,0.0030,0.0390,0.5490,0.2390,0.1460,0.0030
AFMPS6626H,PS,0.2210,0.0840,0.0270,0.6500,0.0130,0.0020,0.0030
AFMPS6627H,PS,0.1220,0.0040,0.0250,0.8420,0.0010,0.0020,0.0040
AFMPX6982H,PD,0.1010,0.1290,0.4520,0.0090,0.0890,0.1310,0.0890
AFMWD6915H,WD,0.3490,0.1440,0.3170,0.0150,0.0040,0.0080,0.1630
AFMWD6916H,WD,0.7340,0.0590,0.0800,0.0340,0.0640,0.0030,0.0260
AFMWD6917H,WD,0.8300,0.0030,0.0980,0.0050,0.0430,0.0090,0.0120
AFMWD6918H,WD,0.5491,0.0150,0.2735,0.0952,0.0110,0.0501,0.0060
AFMWD6919H,WD,0.6960,0.1560,0.1030,0.0270,0.0020,0.0140,0.0020
AFMWD6920H,WD,0.0030,0.0080,0.9319,0.0060,0.0330,0.0020,0.0160
AFMWD6921H,WD,0.6537,0.0080,0.3253,0.0020,0.0080,0.0010,0.0020
AFMWD6922H,WD,0.5920,0.0090,0.0080,0.0220,0.0090,0.0050,0.3550
AFMWD6923H,WD,0.4750,0.1490,0.3340,0.0070,0.0290,0.0020,0.0040
AFMWD6924H,WD,0.9540,0.0050,0.0030,0.0070,0.0080,0.0010,0.0220
AFMWD6926H,WD,0.0030,0.1590,0.3730,0.0220,0.0810,0.0020,0.3600
AFMWD6933H,WD,0.5804,0.0969,0.2787,0.0040,0.0030,0.0330,0.0040
AFMWD6935H,WD,0.9780,0.0010,0.0010,0.0010,0.0010,0.0010,0.0170
AFMWD6936H,WD,0.0030,0.0060,0.9730,0.0050,0.0050,0.0020,0.0060
