AFMGD6799H,GD,0.0060,0.0060,0.0780,0.0020,0.9080
AFMGD6801H,GD,0.0320,0.5616,0.1071,0.0080,0.2913
AFMGD6802H,GD,0.0030,0.4296,0.2837,0.0150,0.2687
AFMGD6803H,GD,0.0699,0.4126,0.1538,0.0080,0.3556
AFMGD6804H,GD,0.0030,0.9860,0.0040,0.0030,0.0040
AFMGD6805H,GD,0.3680,0.0270,0.3820,0.0960,0.1270
AFMGD6812H,GD,0.0520,0.2600,0.1010,0.0030,0.5840
AFMGD6814H,GD,0.3100,0.4520,0.0460,0.0030,0.1890
AFMGD6818H,GD,0.1440,0.3690,0.1100,0.0030,0.3740
AFMGD6819H,GD,0.1960,0.5570,0.0070,0.0050,0.2350
AFMGD6820H,GD,0.2627,0.1748,0.3437,0.0260,0.1928
AFMGD6821H,GD,0.2720,0.2670,0.1890,0.1110,0.1610
AFMGD6822H,GD,0.0040,0.9720,0.0130,0.0020,0.0090
AFMGS6734H,GS,0.8210,0.0050,0.1680,0.0020,0.0040
AFMGS6735H,GS,0.6084,0.0230,0.2847,0.0290,0.0549
AFMGS6736H,GS,0.0180,0.0040,0.9460,0.0030,0.0290
AFMGS6737H,GS,0.4410,0.1780,0.3720,0.0050,0.0040
AFMGS6738H,GS,0.2527,0.0220,0.5105,0.0030,0.2118
AFMGS6739H,GS,0.0080,0.2763,0.6837,0.0240,0.0080
AFMGS6740H,GS,0.4340,0.0030,0.5360,0.0100,0.0170
AFMGS6743H,GS,0.1370,0.0040,0.8520,0.0040,0.0030
AFMGS6745H,GS,0.3880,0.2120,0.3220,0.0210,0.0570
AFMGS6747H,GS,0.2230,0.2030,0.5600,0.0030,0.0110
AFMGS6750H,GS,0.2018,0.0440,0.7443,0.0030,0.0070
AFMGS6751H,GS,0.7530,0.1180,0.1010,0.0200,0.0080
AFMGS6752H,GS,0.6970,0.0030,0.2950,0.0020,0.0030
AFMGS6755H,GS,0.6216,0.1502,0.2142,0.0080,0.0060
AFMGS6756H,GS,0.0080,0.1410,0.8380,0.0020,0.0110
AFMJD6855H,JD,0.0060,0.0050,0.3550,0.0030,0.6310
AFMJD6856H,JD,0.0050,0.0320,0.0110,0.0030,0.9491
AFMJD6857H,JD,0.1810,0.1710,0.0720,0.0040,0.5720
AFMJD6858H,JD,0.0270,0.2030,0.1950,0.0190,0.5560
AFMJD6859H,JD,0.0940,0.4730,0.0020,0.1340,0.2970
AFMJD6861H,JD,0.0420,0.2350,0.2810,0.0060,0.4360
AFMJD6864H,JD,0.2540,0.4410,0.1490,0.0210,0.1350
AFMJD6873H,JD,0.0160,0.5704,0.1039,0.0220,0.2877
AFMJD6875H,JD,0.2070,0.6420,0.0980,0.0110,0.0420
AFMJD6876H,JD,0.0080,0.2793,0.1842,0.0190,0.5095
AFMJD6877H,JD,0.0849,0.0509,0.1189,0.1289,0.6164
AFMJD6878H,JD,0.0060,0.1251,0.0210,0.2092,0.6386
AFMJS6675H,JS,0.7900,0.1930,0.0110,0.0030,0.0030
AFMJS6676H,JS,0.4575,0.0090,0.5085,0.0150,0.0100
AFMJS6678H,JS,0.0020,0.0040,0.9880,0.0030,0.0030
AFMJS6680H,JS,0.2152,0.0651,0.4795,0.2272,0.0130
AFMJS6681H,JS,0.4240,0.0650,0.4850,0.0230,0.0030
AFMJS6682H,JS,0.0440,0.1832,0.5856,0.0360,0.1512
AFMJS6683H,JS,0.7850,0.0190,0.1850,0.0060,0.0050
AFMJS6687H,JS,0.1742,0.0420,0.7157,0.0601,0.0080
AFMJS6694H,JS,0.3450,0.1830,0.4630,0.0030,0.0060
AFMJS6695H,JS,0.6540,0.0120,0.2930,0.0050,0.0360
AFMJS6696H,JS,0.3293,0.0380,0.4815,0.1181,0.0330
AFMJS6698H,JS,0.2590,0.4000,0.3340,0.0020,0.0050
AFMJS6700H,JS,0.4080,0.1190,0.4130,0.0570,0.0030
AFMJS6702H,JS,0.3540,0.3920,0.2200,0.0270,0.0070
AFMPD6983H,PD,0.0580,0.1030,0.5320,0.2990,0.0080
AFMPD6985H,PD,0.3680,0.3980,0.0090,0.0040,0.2210
AFMPD6986H,PD,0.0380,0.7170,0.0370,0.0260,0.1820
AFMPD6987H,PD,0.0020,0.4054,0.0020,0.0030,0.5876
AFMPD6988H,PD,0.0230,0.5744,0.2587,0.0030,0.1409
AFMPD6989H,PD,0.0540,0.0250,0.2900,0.0450,0.5860
AFMPD6990H,PD,0.0770,0.4690,0.2730,0.0150,0.1660
AFMPD6991H,PD,0.0420,0.2198,0.1608,0.0260,0.5514
AFMPD6992H,PD,0.1230,0.5470,0.1240,0.1940,0.0120
AFMPD6993H,PD,0.1251,0.1542,0.2252,0.1131,0.3824
AFMPD6995H,PD,0.2680,0.5400,0.1070,0.0350,0.0500
AFMPD6998H,PD,0.0440,0.2620,0.2240,0.0380,0.4320
AFMPD7000H,PD,0.0070,0.3320,0.2470,0.2100,0.2040
AFMPD7001H,PD,0.0040,0.0070,0.5606,0.0030,0.4254
AFMPD7005H,PD,0.0909,0.3936,0.1119,0.1978,0.2058
AFMPD7006H,PD,0.2328,0.6833,0.0350,0.0180,0.0310
AFMPS6602H,PS,0.6070,0.0930,0.2910,0.0040,0.0050
AFMPS6603H,PS,0.6264,0.0060,0.3616,0.0020,0.0040
AFMPS6608H,PS,0.5966,0.1592,0.2342,0.0040,0.0060
AFMPS6610H,PS,0.5630,0.0360,0.3900,0.0040,0.0070
AFMPS6612H,PS,0.9160,0.0100,0.0120,0.0280,0.0340
AFMPS6613H,PS,0.4990,0.0170,0.3980,0.0320,0.0540
AFMPS6618H,PS,0.7463,0.1329,0.0090,0.1029,0.0090
AFMPS6622H,PS,0.7748,0.0180,0.1992,0.0030,0.0050
AFMPS6623H,PS,0.4875,0.0090,0.4086,0.0879,0.0070
AFMPS6625H,PS,0.3113,0.0781,0.3844,0.0200,0.2062
AFMPS6626H,PS,0.3958,0.1423,0.2916,0.1663,0.0040
AFMPS6627H,PS,0.7450,0.0120,0.1610,0.0760,0.0060
AFMPX6982H,PD,0.0110,0.3380,0.3090,0.1250,0.2170
AFMWD6915H,WD,0.0100,0.3680,0.2160,0.2980,0.1080
AFMWD6916H,WD,0.1030,0.1910,0.0250,0.6230,0.0580
AFMWD6917H,WD,0.0260,0.0769,0.0559,0.7612,0.0799
AFMWD6918H,WD,0.0150,0.1320,0.3270,0.5000,0.0260
AFMWD6919H,WD,0.0240,0.1440,0.1620,0.6630,0.0070
AFMWD6920H,WD,0.0110,0.4200,0.3780,0.0890,0.1020
AFMWD6921H,WD,0.0060,0.3220,0.0120,0.6550,0.0050
AFMWD6922H,WD,0.0110,0.0240,0.1510,0.5070,0.3070
AFMWD6923H,WD,0.0040,0.4300,0.2360,0.3240,0.0060
AFMWD6924H,WD,0.0240,0.0240,0.0140,0.9120,0.0260
AFMWD6926H,WD,0.0240,0.4260,0.2600,0.0210,0.2690
AFMWD6933H,WD,0.0030,0.2408,0.1918,0.5554,0.0090
AFMWD6935H,WD,0.0040,0.0030,0.0020,0.9840,0.0070
AFMWD6936H,WD,0.2388,0.6583,0.0110,0.0579,0.0340
