AFMGD6799H,GD,0.0020,0.9920,0.0020,0.0010,0.0020,0.0010
AFMGD6801H,GD,0.0500,0.0070,0.6883,0.0350,0.2158,0.0040
AFMGD6802H,GD,0.2460,0.0630,0.4350,0.0020,0.2470,0.0070
AFMGD6803H,GD,0.0860,0.0050,0.5590,0.0810,0.2630,0.0060
AFMGD6804H,GD,0.0030,0.0020,0.9590,0.0020,0.0300,0.0040
AFMGD6805H,GD,0.3480,0.0130,0.0180,0.4150,0.1020,0.1040
AFMGD6812H,GD,0.0630,0.0310,0.4510,0.0570,0.3960,0.0020
AFMGD6814H,GD,0.0100,0.1270,0.6050,0.2440,0.0110,0.0030
AFMGD6818H,GD,0.0811,0.0040,0.3594,0.1622,0.3914,0.0020
AFMGD6819H,GD,0.0050,0.0020,0.5816,0.1762,0.2312,0.0040
AFMGD6820H,GD,0.3280,0.0410,0.2640,0.2810,0.0530,0.0330
AFMGD6821H,GD,0.1381,0.1341,0.3684,0.2533,0.0070,0.0991
AFMGD6822H,GD,0.0070,0.0020,0.9460,0.0030,0.0400,0.0020
AFMGS6734H,GS,0.1260,0.0010,0.0030,0.8540,0.0140,0.0020
AFMGS6735H,GS,0.2687,0.0090,0.0100,0.6184,0.0849,0.0090
AFMGS6736H,GS,0.9560,0.0050,0.0030,0.0110,0.0230,0.0020
AFMGS6737H,GS,0.2883,0.0050,0.1722,0.5285,0.0030,0.0030
AFMGS6738H,GS,0.5020,0.1270,0.1040,0.2430,0.0220,0.0020
AFMGS6739H,GS,0.7393,0.0040,0.1708,0.0090,0.0120,0.0649
AFMGS6740H,GS,0.4940,0.0030,0.0030,0.4750,0.0220,0.0030
AFMGS6743H,GS,0.7530,0.0050,0.0030,0.2330,0.0030,0.0030
AFMGS6745H,GS,0.2747,0.0060,0.2797,0.3846,0.0360,0.0190
AFMGS6747H,GS,0.6016,0.0020,0.0931,0.2152,0.0851,0.0030
AFMGS6750H,GS,0.7652,0.0090,0.0120,0.2088,0.0030,0.0020
AFMGS6751H,GS,0.0700,0.0020,0.0690,0.8110,0.0370,0.0110
AFMGS6752H,GS,0.2440,0.0020,0.0020,0.7460,0.0040,0.0020
AFMGS6755H,GS,0.1978,0.0739,0.0969,0.6214,0.0030,0.0070
AFMGS6756H,GS,0.8430,0.0060,0.1380,0.0050,0.0060,0.0020
AFMJD6855H,JD,0.2450,0.0200,0.0040,0.0120,0.7170,0.0020
AFMJD6856H,JD,0.0010,0.0010,0.0020,0.0010,0.9940,0.0010
AFMJD6857H,JD,0.0190,0.3816,0.3207,0.1988,0.0749,0.0050
AFMJD6858H,JD,0.0800,0.3440,0.2680,0.0270,0.2470,0.0340
AFMJD6859H,JD,0.0020,0.1880,0.5650,0.0940,0.0140,0.1370
AFMJD6861H,JD,0.2470,0.0330,0.2800,0.0190,0.4170,0.0040
AFMJD6864H,JD,0.1000,0.1310,0.4810,0.2560,0.0030,0.0290
AFMJD6873H,JD,0.0420,0.1922,0.7327,0.0090,0.0180,0.0060
AFMJD6875H,JD,0.0400,0.0210,0.7380,0.1840,0.0100,0.0070
AFMJD6876H,JD,0.1550,0.0090,0.3330,0.0050,0.4870,0.0110
AFMJD6877H,JD,0.0790,0.0090,0.1110,0.0780,0.6210,0.1020
AFMJD6878H,JD,0.0200,0.0260,0.0690,0.0060,0.6860,0.1930
AFMJS6675H,JS,0.0160,0.0030,0.2088,0.7672,0.0020,0.0030
AFMJS6676H,JS,0.4850,0.0080,0.0160,0.4630,0.0110,0.0170
AFMJS6678H,JS,0.9860,0.0080,0.0020,0.0010,0.0010,0.0020
AFMJS6680H,JS,0.4650,0.0070,0.0330,0.2780,0.0070,0.2100
AFMJS6681H,JS,0.4640,0.0340,0.0120,0.4690,0.0020,0.0190
AFMJS6682H,JS,0.5970,0.0100,0.1520,0.0640,0.1620,0.0150
AFMJS6683H,JS,0.2090,0.0020,0.0060,0.7720,0.0040,0.0070
AFMJS6687H,JS,0.7093,0.0270,0.0460,0.1808,0.0030,0.0340
AFMJS6694H,JS,0.4760,0.0030,0.0420,0.4560,0.0190,0.0040
AFMJS6695H,JS,0.2730,0.0470,0.0150,0.6570,0.0050,0.0030
AFMJS6696H,JS,0.4530,0.0110,0.0220,0.3670,0.0590,0.0880
AFMJS6698H,JS,0.3493,0.0030,0.3754,0.2683,0.0020,0.0020
AFMJS6700H,JS,0.4204,0.0020,0.0651,0.4254,0.0030,0.0841
AFMJS6702H,JS,0.1031,0.0020,0.4404,0.4464,0.0030,0.0050
AFMPD6983H,PD,0.4830,0.0060,0.0430,0.0970,0.0260,0.3450
AFMPD6985H,PD,0.0040,0.0390,0.5870,0.3600,0.0080,0.0020
AFMPD6986H,PD,0.0250,0.1668,0.6513,0.0140,0.0889,0.0539
AFMPD6987H,PD,0.0020,0.0230,0.5315,0.0010,0.4406,0.0020
AFMPD6988H,PD,0.1932,0.0020,0.7928,0.0060,0.0040,0.0020
AFMPD6989H,PD,0.0550,0.7040,0.0500,0.1400,0.0050,0.0460
AFMPD6990H,PD,0.2370,0.1090,0.5810,0.0590,0.0070,0.0070
AFMPD6991H,PD,0.1340,0.2760,0.2550,0.0190,0.3020,0.0140
AFMPD6992H,PD,0.1349,0.0110,0.5405,0.0939,0.0040,0.2158
AFMPD6993H,PD,0.2210,0.0720,0.2040,0.1170,0.2970,0.0890
AFMPD6995H,PD,0.0879,0.0050,0.5365,0.2827,0.0480,0.0400
AFMPD6998H,PD,0.2048,0.3307,0.3407,0.0280,0.0440,0.0519
AFMPD7000H,PD,0.2687,0.0490,0.4655,0.0040,0.0090,0.2038
AFMPD7001H,PD,0.5400,0.2690,0.0240,0.0050,0.1570,0.0050
AFMPD7005H,PD,0.1380,0.0120,0.3860,0.0800,0.1950,0.1890
AFMPD7006H,PD,0.0100,0.0050,0.7137,0.2022,0.0120,0.0571
AFMPS6602H,PS,0.2517,0.0050,0.0310,0.7063,0.0030,0.0030
AFMPS6603H,PS,0.2790,0.0040,0.0060,0.7070,0.0020,0.0020
AFMPS6608H,PS,0.1638,0.0200,0.1928,0.6164,0.0040,0.0030
AFMPS6610H,PS,0.3707,0.0521,0.0070,0.5651,0.0030,0.0020
AFMPS6612H,PS,0.0070,0.0130,0.0070,0.9290,0.0120,0.0320
AFMPS6613H,PS,0.2098,0.1528,0.0240,0.5924,0.0030,0.0180
AFMPS6618H,PS,0.0070,0.0020,0.1820,0.7090,0.0060,0.0940
AFMPS6622H,PS,0.1490,0.0020,0.0110,0.8320,0.0040,0.0020
AFMPS6623H,PS,0.3630,0.0420,0.0090,0.5200,0.0030,0.0630
AFMPS6625H,PS,0.3310,0.1490,0.1720,0.3130,0.0130,0.0220
AFMPS6626H,PS,0.2460,0.0040,0.1320,0.4270,0.0030,0.1880
AFMPS6627H,PS,0.0921,0.0020,0.0110,0.8288,0.0130,0.0531
AFMPX6982H,PD,0.2670,0.1410,0.3890,0.0080,0.0660,0.1290
AFMWD6915H,WD,0.2010,0.0140,0.3170,0.0050,0.1400,0.3230
AFMWD6916H,WD,0.0180,0.0050,0.1450,0.0870,0.1220,0.6230
AFMWD6917H,WD,0.0440,0.0220,0.0340,0.0190,0.0809,0.8002
AFMWD6918H,WD,0.3290,0.0240,0.1290,0.0120,0.0080,0.4980
AFMWD6919H,WD,0.0930,0.0240,0.1310,0.0140,0.0030,0.7350
AFMWD6920H,WD,0.3540,0.0090,0.3220,0.0060,0.1070,0.2020
AFMWD6921H,WD,0.0090,0.0020,0.2840,0.0050,0.0030,0.6970
AFMWD6922H,WD,0.1300,0.0070,0.0230,0.0170,0.3460,0.4770
AFMWD6923H,WD,0.1760,0.0020,0.4750,0.0030,0.0060,0.3380
AFMWD6924H,WD,0.0060,0.0020,0.0110,0.0150,0.1021,0.8639
AFMWD6926H,WD,0.4154,0.0020,0.1311,0.0100,0.4354,0.0060
AFMWD6933H,WD,0.1722,0.0270,0.2082,0.0020,0.0030,0.5876
AFMWD6935H,WD,0.0010,0.0010,0.0020,0.0030,0.0870,0.9060
AFMWD6936H,WD,0.0090,0.0040,0.6987,0.1922,0.0200,0.0761
