SIMGD6824H,GD,0.0070,0.0040,0.0120,0.0040,0.0030,0.0050,0.9630,0.0020
SIMGD6825H,GD,0.0020,0.0070,0.0120,0.0020,0.0020,0.0030,0.9670,0.0050
SIMGD6826H,GD,0.0070,0.0050,0.0030,0.0040,0.0090,0.0060,0.9620,0.0040
SIMGD6827H,GD,0.0030,0.0020,0.0020,0.0060,0.0090,0.0050,0.9710,0.0020
SIMGD6828H,GD,0.0030,0.0210,0.0261,0.0150,0.0140,0.0030,0.8988,0.0190
SIMGD6829H,GD,0.0070,0.0100,0.0140,0.0180,0.0110,0.0010,0.9330,0.0060
SIMGD6831H,GD,0.0050,0.0060,0.0020,0.0070,0.0010,0.0020,0.9670,0.0100
SIMGD6833H,GD,0.0020,0.0030,0.0830,0.0030,0.0020,0.0030,0.9010,0.0030
SIMGD6840H,GD,0.0210,0.0100,0.0120,0.0250,0.0170,0.0060,0.9009,0.0080
SIMGD6841H,GD,0.0100,0.0260,0.0070,0.0040,0.0100,0.0060,0.9189,0.0180
SIMGD6844H,GD,0.0120,0.0350,0.0150,0.0799,0.0210,0.0020,0.8072,0.0280
SIMGD6846H,GD,0.0080,0.0040,0.0020,0.2680,0.0050,0.0010,0.7100,0.0020
SIMGD6847H,GD,0.0070,0.0140,0.0490,0.0110,0.0040,0.0030,0.9040,0.0080
SIMGD6848H,GD,0.0050,0.0140,0.0070,0.0220,0.0040,0.1160,0.8150,0.0170
SIMGD6851H,GD,0.0010,0.0030,0.0030,0.0020,0.0030,0.0020,0.9580,0.0280
SIMGS6764H,GS,0.9131,0.0549,0.0030,0.0030,0.0140,0.0020,0.0020,0.0080
SIMGS6765H,GS,0.8000,0.0550,0.0220,0.0010,0.0180,0.0020,0.0050,0.0970
SIMGS6767H,GS,0.8801,0.0130,0.0080,0.0130,0.0090,0.0020,0.0040,0.0709
SIMGS6768H,GS,0.8430,0.0770,0.0150,0.0320,0.0050,0.0020,0.0070,0.0190
SIMGS6769H,GS,0.9340,0.0040,0.0040,0.0030,0.0450,0.0060,0.0020,0.0020
SIMGS6771H,GS,0.9680,0.0030,0.0130,0.0020,0.0050,0.0020,0.0030,0.0040
SIMGS6773H,GS,0.8362,0.0370,0.0300,0.0070,0.0440,0.0030,0.0330,0.0100
SIMGS6775H,GS,0.9220,0.0020,0.0600,0.0070,0.0020,0.0010,0.0040,0.0020
SIMGS6776H,GS,0.7990,0.0160,0.0140,0.0700,0.0100,0.0040,0.0530,0.0340
SIMGS6778H,GS,0.7630,0.1210,0.0050,0.0460,0.0040,0.0490,0.0030,0.0090
SIMGS6780H,GS,0.8749,0.0040,0.0150,0.0140,0.0140,0.0190,0.0521,0.0070
SIMGS6784H,GS,0.9020,0.0060,0.0030,0.0690,0.0060,0.0010,0.0070,0.0060
SIMGS6785H,GS,0.9820,0.0020,0.0030,0.0010,0.0050,0.0020,0.0020,0.0030
SIMGS6788H,GS,0.9290,0.0130,0.0030,0.0310,0.0050,0.0060,0.0040,0.0090
SIMGS6789H,GS,0.9840,0.0020,0.0020,0.0020,0.0020,0.0020,0.0040,0.0020
SIMGS6790H,GS,0.9620,0.0040,0.0020,0.0030,0.0030,0.0020,0.0160,0.0080
SIMJD6884H,JD,0.0050,0.0110,0.0130,0.0510,0.0210,0.0170,0.0090,0.8730
SIMJD6886H,JD,0.1481,0.0090,0.0110,0.0150,0.0220,0.0010,0.1542,0.6396
SIMJD6887H,JD,0.0040,0.0080,0.0050,0.0580,0.0170,0.0120,0.0020,0.8940
SIMJD6888H,JD,0.0230,0.0170,0.0050,0.0060,0.0060,0.0120,0.0190,0.9122
SIMJD6894H,JD,0.0120,0.0130,0.0050,0.0090,0.0060,0.0240,0.0230,0.9080
SIMJD6895H,JD,0.0040,0.0020,0.0020,0.0020,0.0020,0.0020,0.0030,0.9830
SIMJD6896H,JD,0.0040,0.0380,0.0210,0.0250,0.0310,0.0030,0.0080,0.8701
SIMJD6897H,JD,0.0090,0.0050,0.0100,0.0110,0.0090,0.0190,0.0040,0.9329
SIMJD6898H,JD,0.0060,0.0490,0.0410,0.0030,0.0060,0.0140,0.1750,0.7060
SIMJD6899H,JD,0.0030,0.0020,0.0030,0.0010,0.0050,0.0030,0.0060,0.9770
SIMJD6905H,JD,0.1061,0.0180,0.0160,0.0310,0.0050,0.0070,0.0060,0.8108
SIMJD6906H,JD,0.0440,0.0040,0.0020,0.3636,0.0020,0.0010,0.0040,0.5794
SIMJD6907H,JD,0.0180,0.0190,0.0130,0.0050,0.0100,0.0350,0.0050,0.8949
SIMJD6908H,JD,0.0050,0.0040,0.0060,0.0100,0.0150,0.0030,0.0080,0.9490
SIMJD6913H,JD,0.0020,0.0020,0.0020,0.0010,0.0020,0.0040,0.0010,0.9860
SIMJS6704H,JS,0.0040,0.0140,0.9660,0.0030,0.0070,0.0010,0.0030,0.0020
SIMJS6706H,JS,0.0020,0.0060,0.9461,0.0050,0.0030,0.0200,0.0050,0.0130
SIMJS6707H,JS,0.1320,0.0070,0.8220,0.0020,0.0030,0.0150,0.0050,0.0140
SIMJS6709H,JS,0.0010,0.0070,0.9670,0.0030,0.0130,0.0030,0.0020,0.0040
SIMJS6711H,JS,0.0140,0.0140,0.6913,0.0140,0.0260,0.1568,0.0809,0.0030
SIMJS6713H,JS,0.0030,0.0100,0.9280,0.0040,0.0020,0.0470,0.0030,0.0030
SIMJS6715H,JS,0.0010,0.0020,0.9870,0.0010,0.0020,0.0040,0.0010,0.0020
SIMJS6716H,JS,0.0190,0.0060,0.8477,0.0281,0.0080,0.0010,0.0872,0.0030
SIMJS6717H,JS,0.0010,0.0080,0.0060,0.0050,0.0020,0.9690,0.0030,0.0060
SIMJS6718H,JS,0.0120,0.0070,0.8222,0.0170,0.0160,0.0030,0.0040,0.1189
SIMJS6725H,JS,0.0210,0.0130,0.8570,0.0080,0.0040,0.0040,0.0080,0.0850
SIMJS6726H,JS,0.0210,0.0150,0.8330,0.0100,0.0220,0.0050,0.0260,0.0680
SIMJS6727H,JS,0.0030,0.0250,0.7928,0.0030,0.0400,0.0160,0.1151,0.0050
SIMJS6728H,JS,0.0200,0.0599,0.4705,0.2957,0.0030,0.0040,0.1319,0.0150
SIMPD7015H,PD,0.0020,0.0020,0.0030,0.0060,0.9770,0.0020,0.0040,0.0040
SIMPD7016H,PD,0.0080,0.0030,0.0160,0.0060,0.8250,0.0060,0.1330,0.0030
SIMPD7018H,PD,0.0030,0.0050,0.0060,0.0080,0.9290,0.0020,0.0400,0.0070
SIMPD7019H,PD,0.0050,0.0030,0.0040,0.0070,0.7510,0.2270,0.0010,0.0020
SIMPD7021H,PD,0.0020,0.0040,0.0040,0.0020,0.9820,0.0010,0.0010,0.0040
SIMPD7022H,PD,0.0509,0.0190,0.0130,0.0100,0.8631,0.0030,0.0370,0.0040
SIMPD7023H,PD,0.0140,0.0140,0.0040,0.2947,0.6464,0.0030,0.0110,0.0130
SIMPD7024H,PD,0.0961,0.0821,0.0100,0.0020,0.7908,0.0020,0.0130,0.0040
SIMPD7025H,PD,0.0230,0.0500,0.0130,0.0050,0.8342,0.0050,0.0649,0.0050
SIMPD7027H,PD,0.0040,0.0040,0.0020,0.0150,0.9660,0.0040,0.0020,0.0030
SIMPD7035H,PD,0.0950,0.0130,0.0070,0.0040,0.8650,0.0050,0.0020,0.0090
SIMPD7036H,PD,0.0040,0.0340,0.0560,0.0100,0.8090,0.0050,0.0390,0.0430
SIMPD7037H,PD,0.0020,0.0040,0.0030,0.0020,0.9720,0.0050,0.0030,0.0090
SIMPD7040H,PD,0.0050,0.0100,0.0040,0.0030,0.9730,0.0010,0.0020,0.0020
SIMPD7041H,PD,0.0090,0.0490,0.0350,0.0030,0.8651,0.0210,0.0060,0.0120
SIMPS6633H,PS,0.0380,0.6216,0.0220,0.0470,0.1021,0.0771,0.0250,0.0671
SIMPS6634H,PS,0.0259,0.7246,0.0469,0.1337,0.0040,0.0030,0.0389,0.0230
SIMPS6635H,PS,0.0040,0.9640,0.0040,0.0020,0.0050,0.0070,0.0100,0.0040
SIMPS6638H,PS,0.0380,0.9411,0.0100,0.0020,0.0010,0.0020,0.0030,0.0030
SIMPS6639H,PS,0.0180,0.9529,0.0030,0.0040,0.0090,0.0040,0.0060,0.0030
SIMPS6641H,PS,0.0040,0.9371,0.0100,0.0110,0.0060,0.0260,0.0040,0.0020
SIMPS6642H,PS,0.0040,0.9121,0.0040,0.0220,0.0130,0.0360,0.0050,0.0040
SIMPS6643H,PS,0.1692,0.7798,0.0080,0.0100,0.0040,0.0190,0.0040,0.0060
SIMPS6644H,PS,0.0180,0.9570,0.0030,0.0050,0.0070,0.0020,0.0020,0.0060
SIMPS6645H,PS,0.0050,0.9510,0.0100,0.0050,0.0030,0.0140,0.0090,0.0030
SIMPS6646H,PS,0.0030,0.8850,0.0110,0.0050,0.0210,0.0210,0.0110,0.0430
SIMPS6652H,PS,0.0050,0.9450,0.0070,0.0050,0.0030,0.0030,0.0200,0.0120
SIMPS6654H,PS,0.0110,0.9460,0.0040,0.0060,0.0070,0.0020,0.0200,0.0040
SIMPS6657H,PS,0.0060,0.9169,0.0330,0.0100,0.0050,0.0020,0.0230,0.0040
SIMPS6658H,PS,0.0020,0.7040,0.0030,0.0370,0.0110,0.0020,0.0060,0.2350
SIMPS6661H,PS,0.0050,0.7892,0.0030,0.0040,0.1718,0.0020,0.0040,0.0210
SIMWD6945H,WD,0.0060,0.0070,0.0030,0.9470,0.0020,0.0010,0.0020,0.0320
SIMWD6947H,WD,0.0040,0.0090,0.0040,0.9630,0.0050,0.0020,0.0060,0.0070
SIMWD6948H,WD,0.0090,0.0020,0.0020,0.9680,0.0040,0.0010,0.0120,0.0020
SIMWD6954H,WD,0.0020,0.0110,0.0060,0.9511,0.0030,0.0210,0.0040,0.0020
SIMWD6955H,WD,0.0020,0.0030,0.0030,0.8480,0.0040,0.1340,0.0020,0.0040
SIMWD6956H,WD,0.0100,0.3010,0.0080,0.6330,0.0100,0.0050,0.0230,0.0100
SIMWD6957H,WD,0.0060,0.0130,0.1060,0.8160,0.0040,0.0330,0.0190,0.0030
SIMWD6958H,WD,0.0020,0.0030,0.0070,0.9740,0.0060,0.0030,0.0020,0.0030
SIMWD6959H,WD,0.0050,0.0050,0.0020,0.4870,0.0040,0.4701,0.0230,0.0040
SIMWD6962H,WD,0.0050,0.0330,0.0110,0.8318,0.0100,0.0060,0.0050,0.0981
SIMWD6967H,WD,0.0070,0.0140,0.0440,0.8292,0.0749,0.0040,0.0200,0.0070
SIMWD6968H,WD,0.0050,0.0120,0.0290,0.8750,0.0230,0.0450,0.0060,0.0050
SIMWD6969H,WD,0.0050,0.0110,0.0020,0.9460,0.0090,0.0020,0.0060,0.0190
SIMWD6972H,WD,0.0070,0.0050,0.0060,0.9069,0.0080,0.0020,0.0541,0.0110
