SIMGD6824H,GD,0.0048,0.0046,0.0130,0.0040,0.0036,0.0075,0.9606,0.0019
SIMGD6825H,GD,0.0023,0.0077,0.0101,0.0042,0.0022,0.0038,0.9663,0.0034
SIMGD6826H,GD,0.0082,0.0067,0.0046,0.0031,0.0078,0.0064,0.9594,0.0038
SIMGD6827H,GD,0.0042,0.0028,0.0022,0.0144,0.0152,0.0055,0.9538,0.0019
SIMGD6828H,GD,0.0034,0.0132,0.0343,0.0103,0.0095,0.0101,0.9003,0.0189
SIMGD6829H,GD,0.0070,0.0080,0.0179,0.0141,0.0056,0.0059,0.9359,0.0056
SIMGD6831H,GD,0.0046,0.0072,0.0015,0.0038,0.0015,0.0053,0.9705,0.0056
SIMGD6833H,GD,0.0028,0.0041,0.0576,0.0052,0.0031,0.0066,0.9181,0.0025
SIMGD6840H,GD,0.0255,0.0079,0.0106,0.0159,0.0206,0.0308,0.8810,0.0077
SIMGD6841H,GD,0.0081,0.0115,0.0090,0.0028,0.0071,0.0044,0.9440,0.0131
SIMGD6844H,GD,0.0171,0.0226,0.0230,0.0555,0.0384,0.0210,0.7975,0.0249
SIMGD6846H,GD,0.0127,0.0066,0.0036,0.1220,0.0066,0.1046,0.7405,0.0034
SIMGD6847H,GD,0.0052,0.0147,0.0586,0.0069,0.0035,0.0124,0.8860,0.0127
SIMGD6848H,GD,0.0090,0.0211,0.0062,0.0188,0.0052,0.0296,0.8818,0.0283
SIMGD6851H,GD,0.0010,0.0027,0.0030,0.0018,0.0015,0.0015,0.9614,0.0271
SIMGS6764H,GS,0.8650,0.0862,0.0027,0.0028,0.0141,0.0165,0.0022,0.0105
SIMGS6765H,GS,0.9095,0.0234,0.0093,0.0016,0.0076,0.0022,0.0046,0.0418
SIMGS6767H,GS,0.9013,0.0115,0.0146,0.0102,0.0124,0.0152,0.0031,0.0317
SIMGS6768H,GS,0.8003,0.0804,0.0092,0.0423,0.0052,0.0268,0.0107,0.0252
SIMGS6769H,GS,0.9515,0.0034,0.0035,0.0025,0.0312,0.0030,0.0031,0.0018
SIMGS6771H,GS,0.9523,0.0047,0.0145,0.0027,0.0047,0.0142,0.0032,0.0037
SIMGS6773H,GS,0.8443,0.0344,0.0258,0.0052,0.0505,0.0066,0.0245,0.0087
SIMGS6775H,GS,0.9027,0.0019,0.0692,0.0072,0.0021,0.0055,0.0032,0.0082
SIMGS6776H,GS,0.7721,0.0087,0.0304,0.0823,0.0042,0.0324,0.0400,0.0299
SIMGS6778H,GS,0.3276,0.0780,0.0307,0.0367,0.0046,0.5111,0.0020,0.0093
SIMGS6780H,GS,0.8055,0.0043,0.0341,0.0172,0.0186,0.0171,0.0970,0.0062
SIMGS6784H,GS,0.8625,0.0063,0.0059,0.1042,0.0048,0.0083,0.0047,0.0033
SIMGS6785H,GS,0.9213,0.0028,0.0042,0.0017,0.0074,0.0564,0.0031,0.0031
SIMGS6788H,GS,0.9185,0.0066,0.0035,0.0466,0.0049,0.0075,0.0045,0.0079
SIMGS6789H,GS,0.9776,0.0037,0.0027,0.0027,0.0027,0.0040,0.0040,0.0026
SIMGS6790H,GS,0.9545,0.0054,0.0024,0.0043,0.0033,0.0054,0.0123,0.0124
SIMJD6884H,JD,0.0088,0.0085,0.0112,0.0354,0.0202,0.0101,0.0059,0.8999
SIMJD6886H,JD,0.1494,0.0373,0.0083,0.0188,0.0099,0.0211,0.0605,0.6946
SIMJD6887H,JD,0.0058,0.0140,0.0113,0.0727,0.0276,0.0176,0.0039,0.8471
SIMJD6888H,JD,0.0247,0.0128,0.0193,0.0065,0.0074,0.0142,0.0190,0.8961
SIMJD6894H,JD,0.0099,0.0201,0.0208,0.0077,0.0061,0.0129,0.0162,0.9063
SIMJD6895H,JD,0.0034,0.0019,0.0016,0.0019,0.0011,0.0028,0.0037,0.9836
SIMJD6896H,JD,0.0036,0.0436,0.0225,0.0113,0.0480,0.0730,0.0059,0.7920
SIMJD6897H,JD,0.0117,0.0111,0.0334,0.0318,0.0149,0.0243,0.0047,0.8681
SIMJD6898H,JD,0.0041,0.0173,0.0385,0.0037,0.0075,0.0455,0.1637,0.7197
SIMJD6899H,JD,0.0030,0.0021,0.0018,0.0012,0.0037,0.0025,0.0060,0.9797
SIMJD6905H,JD,0.0663,0.0119,0.0186,0.0338,0.0042,0.0159,0.0078,0.8415
SIMJD6906H,JD,0.0509,0.0043,0.0021,0.2437,0.0019,0.0306,0.0041,0.6624
SIMJD6907H,JD,0.0135,0.0095,0.0085,0.0035,0.0076,0.0118,0.0046,0.9410
SIMJD6908H,JD,0.0125,0.0054,0.0211,0.0055,0.0591,0.0243,0.0088,0.8633
SIMJD6913H,JD,0.0014,0.0016,0.0021,0.0021,0.0011,0.0022,0.0011,0.9884
SIMJS6704H,JS,0.0053,0.0246,0.9279,0.0037,0.0126,0.0203,0.0037,0.0019
SIMJS6706H,JS,0.0045,0.0053,0.8673,0.0035,0.0056,0.0995,0.0036,0.0107
SIMJS6707H,JS,0.0651,0.0063,0.7762,0.0033,0.0032,0.1091,0.0134,0.0234
SIMJS6709H,JS,0.0011,0.0081,0.9579,0.0028,0.0182,0.0072,0.0020,0.0027
SIMJS6711H,JS,0.0074,0.0150,0.8014,0.0057,0.0345,0.1032,0.0295,0.0033
SIMJS6713H,JS,0.0036,0.0117,0.8615,0.0064,0.0031,0.1067,0.0044,0.0026
SIMJS6715H,JS,0.0015,0.0022,0.9557,0.0010,0.0018,0.0342,0.0011,0.0025
SIMJS6716H,JS,0.0198,0.0071,0.8243,0.0211,0.0060,0.0757,0.0356,0.0104
SIMJS6717H,JS,0.0016,0.1135,0.4610,0.0154,0.0030,0.3888,0.0070,0.0097
SIMJS6718H,JS,0.0095,0.0101,0.8395,0.0248,0.0292,0.0138,0.0056,0.0675
SIMJS6725H,JS,0.0170,0.0055,0.8595,0.0051,0.0039,0.0674,0.0083,0.0333
SIMJS6726H,JS,0.0213,0.0163,0.7514,0.0060,0.0251,0.0806,0.0163,0.0831
SIMJS6727H,JS,0.0033,0.0222,0.7199,0.0071,0.0204,0.0411,0.1789,0.0070
SIMJS6728H,JS,0.0097,0.0425,0.5188,0.2451,0.0088,0.0549,0.1130,0.0073
SIMPD7015H,PD,0.0019,0.0051,0.0035,0.0057,0.9753,0.0026,0.0032,0.0027
SIMPD7016H,PD,0.0068,0.0083,0.0244,0.0116,0.8569,0.0317,0.0548,0.0055
SIMPD7018H,PD,0.0045,0.0096,0.0071,0.0062,0.9207,0.0035,0.0432,0.0052
SIMPD7019H,PD,0.0085,0.0053,0.0077,0.0514,0.8710,0.0527,0.0018,0.0017
SIMPD7021H,PD,0.0019,0.0029,0.0022,0.0025,0.9855,0.0012,0.0010,0.0028
SIMPD7022H,PD,0.1164,0.0103,0.0168,0.0061,0.8198,0.0070,0.0195,0.0042
SIMPD7023H,PD,0.0271,0.0206,0.0064,0.2497,0.6600,0.0110,0.0158,0.0095
SIMPD7024H,PD,0.0272,0.0324,0.0119,0.0043,0.8821,0.0168,0.0211,0.0042
SIMPD7025H,PD,0.0119,0.0318,0.0205,0.0056,0.8022,0.0610,0.0641,0.0029
SIMPD7027H,PD,0.0050,0.0034,0.0019,0.0408,0.9383,0.0049,0.0026,0.0031
SIMPD7035H,PD,0.0542,0.0134,0.0082,0.0103,0.8907,0.0077,0.0029,0.0126
SIMPD7036H,PD,0.0072,0.0343,0.0719,0.0114,0.7670,0.0196,0.0232,0.0654
SIMPD7037H,PD,0.0020,0.0036,0.0048,0.0018,0.9701,0.0041,0.0047,0.0089
SIMPD7040H,PD,0.0060,0.0077,0.0051,0.0031,0.9691,0.0029,0.0030,0.0031
SIMPD7041H,PD,0.0070,0.0309,0.0620,0.0026,0.8541,0.0309,0.0064,0.0060
SIMPS6633H,PS,0.0185,0.7052,0.0549,0.0383,0.0501,0.0380,0.0311,0.0639
SIMPS6634H,PS,0.0191,0.7514,0.0952,0.0341,0.0037,0.0295,0.0486,0.0184
SIMPS6635H,PS,0.0047,0.9674,0.0035,0.0030,0.0055,0.0047,0.0069,0.0043
SIMPS6638H,PS,0.0224,0.9551,0.0074,0.0016,0.0014,0.0028,0.0030,0.0063
SIMPS6639H,PS,0.0139,0.9438,0.0039,0.0038,0.0139,0.0076,0.0099,0.0032
SIMPS6641H,PS,0.0094,0.8717,0.0309,0.0159,0.0089,0.0550,0.0054,0.0028
SIMPS6642H,PS,0.0041,0.9357,0.0040,0.0175,0.0100,0.0207,0.0049,0.0031
SIMPS6643H,PS,0.2087,0.7591,0.0094,0.0061,0.0026,0.0065,0.0025,0.0051
SIMPS6644H,PS,0.0219,0.9311,0.0042,0.0058,0.0191,0.0079,0.0046,0.0054
SIMPS6645H,PS,0.0065,0.9352,0.0129,0.0040,0.0037,0.0216,0.0094,0.0067
SIMPS6646H,PS,0.0023,0.9332,0.0081,0.0034,0.0158,0.0139,0.0055,0.0178
SIMPS6652H,PS,0.0042,0.9489,0.0070,0.0035,0.0030,0.0048,0.0167,0.0119
SIMPS6654H,PS,0.0140,0.9367,0.0058,0.0083,0.0060,0.0064,0.0196,0.0032
SIMPS6657H,PS,0.0031,0.9259,0.0284,0.0103,0.0081,0.0051,0.0167,0.0024
SIMPS6658H,PS,0.0024,0.7654,0.0049,0.0730,0.0183,0.0099,0.0078,0.1182
SIMPS6661H,PS,0.0107,0.8389,0.0046,0.0043,0.1005,0.0056,0.0047,0.0307
SIMWD6945H,WD,0.0055,0.0066,0.0023,0.9582,0.0022,0.0094,0.0027,0.0131
SIMWD6947H,WD,0.0070,0.0068,0.0044,0.9540,0.0084,0.0045,0.0058,0.0091
SIMWD6948H,WD,0.0121,0.0026,0.0016,0.8832,0.0036,0.0805,0.0144,0.0020
SIMWD6954H,WD,0.0020,0.0110,0.0054,0.9552,0.0032,0.0161,0.0034,0.0037
SIMWD6955H,WD,0.0024,0.0032,0.0029,0.9437,0.0033,0.0394,0.0020,0.0031
SIMWD6956H,WD,0.0067,0.4705,0.0096,0.4477,0.0068,0.0446,0.0078,0.0063
SIMWD6957H,WD,0.0041,0.0057,0.0416,0.9058,0.0040,0.0158,0.0209,0.0021
SIMWD6958H,WD,0.0026,0.0025,0.0052,0.9739,0.0057,0.0050,0.0019,0.0032
SIMWD6959H,WD,0.0099,0.0107,0.0063,0.7379,0.0033,0.1788,0.0424,0.0107
SIMWD6962H,WD,0.0061,0.0617,0.0154,0.8319,0.0056,0.0067,0.0059,0.0667
SIMWD6967H,WD,0.0136,0.0075,0.0156,0.8993,0.0282,0.0044,0.0255,0.0059
SIMWD6968H,WD,0.0089,0.0091,0.0496,0.8005,0.0417,0.0730,0.0075,0.0097
SIMWD6969H,WD,0.0048,0.0083,0.0037,0.9349,0.0073,0.0234,0.0060,0.0116
SIMWD6972H,WD,0.0080,0.0076,0.0083,0.8437,0.0063,0.0283,0.0598,0.0380
