SIMGD6824H,GD,0.0050,0.0030,0.9830,0.0090
SIMGD6825H,GD,0.0030,0.0050,0.9860,0.0060
SIMGD6826H,GD,0.0210,0.0040,0.9590,0.0160
SIMGD6827H,GD,0.0040,0.0100,0.9820,0.0040
SIMGD6828H,GD,0.0050,0.0250,0.9310,0.0390
SIMGD6829H,GD,0.0160,0.0060,0.9690,0.0090
SIMGD6831H,GD,0.0050,0.0040,0.9880,0.0030
SIMGD6833H,GD,0.0030,0.0050,0.9850,0.0070
SIMGD6840H,GD,0.0310,0.0200,0.9260,0.0230
SIMGD6841H,GD,0.0090,0.0040,0.9790,0.0080
SIMGD6844H,GD,0.0571,0.1281,0.6917,0.1231
SIMGD6846H,GD,0.0220,0.0150,0.9570,0.0060
SIMGD6847H,GD,0.0090,0.0250,0.9131,0.0529
SIMGD6848H,GD,0.0090,0.0220,0.9560,0.0130
SIMGD6851H,GD,0.0010,0.0030,0.9930,0.0030
SIMGS6764H,GS,0.9760,0.0070,0.0030,0.0140
SIMGS6765H,GS,0.9800,0.0030,0.0050,0.0120
SIMGS6767H,GS,0.9210,0.0520,0.0040,0.0230
SIMGS6768H,GS,0.8981,0.0609,0.0160,0.0250
SIMGS6769H,GS,0.9740,0.0040,0.0050,0.0170
SIMGS6771H,GS,0.9890,0.0030,0.0030,0.0050
SIMGS6773H,GS,0.9251,0.0120,0.0260,0.0370
SIMGS6775H,GS,0.9820,0.0090,0.0050,0.0040
SIMGS6776H,GS,0.7890,0.1260,0.0680,0.0170
SIMGS6778H,GS,0.5890,0.3590,0.0040,0.0480
SIMGS6780H,GS,0.8400,0.0150,0.1210,0.0240
SIMGS6784H,GS,0.9590,0.0230,0.0070,0.0110
SIMGS6785H,GS,0.9850,0.0030,0.0060,0.0060
SIMGS6788H,GS,0.9560,0.0320,0.0070,0.0050
SIMGS6789H,GS,0.9890,0.0030,0.0040,0.0040
SIMGS6790H,GS,0.9840,0.0050,0.0080,0.0030
SIMJD6884H,JD,0.0100,0.9800,0.0050,0.0050
SIMJD6886H,JD,0.1832,0.7698,0.0190,0.0280
SIMJD6887H,JD,0.0050,0.9800,0.0050,0.0100
SIMJD6888H,JD,0.0210,0.9600,0.0090,0.0100
SIMJD6894H,JD,0.0100,0.9481,0.0130,0.0290
SIMJD6895H,JD,0.0250,0.9440,0.0290,0.0020
SIMJD6896H,JD,0.0070,0.9680,0.0050,0.0200
SIMJD6897H,JD,0.0090,0.9760,0.0030,0.0120
SIMJD6898H,JD,0.0070,0.8510,0.1300,0.0120
SIMJD6899H,JD,0.0100,0.9590,0.0210,0.0100
SIMJD6905H,JD,0.0500,0.9371,0.0070,0.0060
SIMJD6906H,JD,0.0559,0.9361,0.0050,0.0030
SIMJD6907H,JD,0.1570,0.7870,0.0070,0.0490
SIMJD6908H,JD,0.0280,0.9461,0.0090,0.0170
SIMJD6913H,JD,0.0020,0.9950,0.0010,0.0020
SIMJS6704H,JS,0.0050,0.0040,0.0070,0.9840
SIMJS6706H,JS,0.0090,0.0050,0.0030,0.9830
SIMJS6707H,JS,0.1239,0.0430,0.0629,0.7702
SIMJS6709H,JS,0.0020,0.0040,0.0030,0.9910
SIMJS6711H,JS,0.0070,0.0060,0.0190,0.9680
SIMJS6713H,JS,0.0080,0.0080,0.0120,0.9720
SIMJS6715H,JS,0.0020,0.0030,0.0020,0.9930
SIMJS6716H,JS,0.0330,0.0180,0.1040,0.8450
SIMJS6717H,JS,0.0020,0.0850,0.0220,0.8910
SIMJS6718H,JS,0.0080,0.0560,0.0050,0.9310
SIMJS6725H,JS,0.0500,0.1760,0.0940,0.6800
SIMJS6726H,JS,0.0659,0.0250,0.0450,0.8641
SIMJS6727H,JS,0.0020,0.0060,0.0460,0.9460
SIMJS6728H,JS,0.0050,0.0639,0.0380,0.8931
SIMPD7015H,PD,0.0020,0.0050,0.0040,0.9890
SIMPD7016H,PD,0.0030,0.0070,0.0130,0.9770
SIMPD7018H,PD,0.0070,0.0100,0.0680,0.9150
SIMPD7019H,PD,0.0100,0.0050,0.0020,0.9830
SIMPD7021H,PD,0.0020,0.0040,0.0010,0.9930
SIMPD7022H,PD,0.1370,0.0050,0.0080,0.8500
SIMPD7023H,PD,0.0250,0.1330,0.0210,0.8210
SIMPD7024H,PD,0.0320,0.0030,0.0090,0.9560
SIMPD7025H,PD,0.0110,0.0040,0.0560,0.9290
SIMPD7027H,PD,0.0040,0.0420,0.0040,0.9500
SIMPD7035H,PD,0.0420,0.0070,0.0030,0.9480
SIMPD7036H,PD,0.0080,0.0240,0.0140,0.9540
SIMPD7037H,PD,0.0040,0.0040,0.0080,0.9840
SIMPD7040H,PD,0.0090,0.0040,0.0050,0.9820
SIMPD7041H,PD,0.0040,0.0040,0.0040,0.9880
SIMPS6633H,PS,0.0270,0.1882,0.0100,0.7748
SIMPS6634H,PS,0.1798,0.0879,0.0390,0.6933
SIMPS6635H,PS,0.0090,0.0130,0.0190,0.9590
SIMPS6638H,PS,0.6940,0.0040,0.0070,0.2950
SIMPS6639H,PS,0.1210,0.0090,0.0110,0.8590
SIMPS6641H,PS,0.0060,0.0080,0.0060,0.9800
SIMPS6642H,PS,0.0180,0.0240,0.0100,0.9481
SIMPS6643H,PS,0.4440,0.0070,0.0040,0.5450
SIMPS6644H,PS,0.3220,0.0230,0.0040,0.6510
SIMPS6645H,PS,0.0650,0.0300,0.0210,0.8840
SIMPS6646H,PS,0.0040,0.0310,0.0050,0.9600
SIMPS6652H,PS,0.0610,0.0660,0.1880,0.6850
SIMPS6654H,PS,0.0190,0.0190,0.0400,0.9220
SIMPS6657H,PS,0.0160,0.0140,0.0280,0.9419
SIMPS6658H,PS,0.0040,0.6603,0.0090,0.3267
SIMPS6661H,PS,0.4396,0.0450,0.0060,0.5095
SIMWD6945H,WD,0.0040,0.9890,0.0040,0.0030
SIMWD6947H,WD,0.0060,0.9840,0.0050,0.0050
SIMWD6948H,WD,0.0150,0.9441,0.0380,0.0030
SIMWD6954H,WD,0.0030,0.9740,0.0040,0.0190
SIMWD6955H,WD,0.0040,0.9790,0.0040,0.0130
SIMWD6956H,WD,0.0800,0.7280,0.0230,0.1690
SIMWD6957H,WD,0.0110,0.8360,0.0530,0.1000
SIMWD6958H,WD,0.0040,0.9850,0.0030,0.0080
SIMWD6959H,WD,0.0060,0.9670,0.0220,0.0050
SIMWD6962H,WD,0.0040,0.9800,0.0060,0.0100
SIMWD6967H,WD,0.0120,0.8490,0.0220,0.1170
SIMWD6968H,WD,0.0130,0.8660,0.0250,0.0960
SIMWD6969H,WD,0.0050,0.9670,0.0120,0.0160
SIMWD6972H,WD,0.0120,0.8970,0.0690,0.0220
