SIMGD6824H,GD,0.0029,0.1066,0.0069,0.0044,0.8792
SIMGD6825H,GD,0.0051,0.1050,0.0031,0.0032,0.8836
SIMGD6826H,GD,0.0042,0.1046,0.0102,0.0095,0.8715
SIMGD6827H,GD,0.0045,0.0868,0.0048,0.0160,0.8879
SIMGD6828H,GD,0.0401,0.1223,0.0050,0.0158,0.8168
SIMGD6829H,GD,0.0134,0.1013,0.0083,0.0076,0.8694
SIMGD6831H,GD,0.0062,0.0878,0.0067,0.0024,0.8969
SIMGD6833H,GD,0.0042,0.1102,0.0037,0.0052,0.8767
SIMGD6840H,GD,0.0128,0.1036,0.0338,0.0214,0.8284
SIMGD6841H,GD,0.0196,0.1180,0.0104,0.0091,0.8429
SIMGD6844H,GD,0.0353,0.1081,0.0384,0.0710,0.7472
SIMGD6846H,GD,0.0502,0.0056,0.0154,0.0094,0.9194
SIMGD6847H,GD,0.0110,0.1323,0.0061,0.0041,0.8465
SIMGD6848H,GD,0.0377,0.1062,0.0111,0.0066,0.8384
SIMGD6851H,GD,0.0731,0.0985,0.0016,0.0026,0.8242
SIMGS6764H,GS,0.0099,0.0108,0.9466,0.0292,0.0035
SIMGS6765H,GS,0.0693,0.0197,0.8984,0.0082,0.0044
SIMGS6767H,GS,0.0316,0.0158,0.9305,0.0167,0.0054
SIMGS6768H,GS,0.0393,0.0375,0.8960,0.0093,0.0179
SIMGS6769H,GS,0.0026,0.0044,0.9498,0.0396,0.0036
SIMGS6771H,GS,0.0044,0.0109,0.9745,0.0065,0.0037
SIMGS6773H,GS,0.0111,0.0848,0.8313,0.0505,0.0224
SIMGS6775H,GS,0.0108,0.0100,0.9697,0.0028,0.0067
SIMGS6776H,GS,0.0674,0.0199,0.8092,0.0079,0.0956
SIMGS6778H,GS,0.0539,0.0346,0.8761,0.0215,0.0139
SIMGS6780H,GS,0.0127,0.0331,0.8330,0.0224,0.0988
SIMGS6784H,GS,0.0443,0.0097,0.9155,0.0154,0.0151
SIMGS6785H,GS,0.0041,0.0051,0.9789,0.0084,0.0035
SIMGS6788H,GS,0.0236,0.0059,0.9557,0.0054,0.0094
SIMGS6789H,GS,0.0042,0.0038,0.9837,0.0034,0.0049
SIMGS6790H,GS,0.0109,0.0045,0.9705,0.0040,0.0101
SIMJD6884H,JD,0.7584,0.1053,0.1001,0.0216,0.0146
SIMJD6886H,JD,0.6111,0.1079,0.1979,0.0141,0.0690
SIMJD6887H,JD,0.7456,0.1080,0.0953,0.0359,0.0152
SIMJD6888H,JD,0.7485,0.1090,0.1168,0.0082,0.0175
SIMJD6894H,JD,0.7372,0.1341,0.1039,0.0076,0.0172
SIMJD6895H,JD,0.7834,0.0937,0.1044,0.0020,0.0165
SIMJD6896H,JD,0.7084,0.1384,0.0729,0.0673,0.0130
SIMJD6897H,JD,0.7401,0.1270,0.1071,0.0175,0.0083
SIMJD6898H,JD,0.6089,0.1835,0.0760,0.0078,0.1237
SIMJD6899H,JD,0.7840,0.1012,0.1001,0.0048,0.0099
SIMJD6905H,JD,0.7137,0.0991,0.1704,0.0058,0.0110
SIMJD6906H,JD,0.6351,0.0736,0.1905,0.0036,0.0972
SIMJD6907H,JD,0.7544,0.1099,0.1209,0.0094,0.0054
SIMJD6908H,JD,0.7403,0.1021,0.1143,0.0347,0.0086
SIMJD6913H,JD,0.7941,0.1020,0.1007,0.0013,0.0019
SIMJS6704H,JS,0.0038,0.9663,0.0050,0.0193,0.0056
SIMJS6706H,JS,0.0089,0.9754,0.0050,0.0068,0.0039
SIMJS6707H,JS,0.0529,0.7853,0.1309,0.0058,0.0251
SIMJS6709H,JS,0.0051,0.9407,0.0018,0.0499,0.0025
SIMJS6711H,JS,0.0047,0.9395,0.0059,0.0346,0.0153
SIMJS6713H,JS,0.0037,0.9832,0.0040,0.0032,0.0059
SIMJS6715H,JS,0.0032,0.9901,0.0020,0.0026,0.0021
SIMJS6716H,JS,0.0320,0.7607,0.0644,0.0180,0.1249
SIMJS6717H,JS,0.0258,0.9607,0.0022,0.0060,0.0053
SIMJS6718H,JS,0.1134,0.7304,0.0232,0.1171,0.0158
SIMJS6725H,JS,0.0610,0.8814,0.0315,0.0069,0.0192
SIMJS6726H,JS,0.0262,0.9211,0.0187,0.0214,0.0126
SIMJS6727H,JS,0.0061,0.8132,0.0041,0.0259,0.1507
SIMJS6728H,JS,0.0625,0.6511,0.0237,0.0596,0.2030
SIMPD7015H,PD,0.0039,0.0058,0.0021,0.9837,0.0045
SIMPD7016H,PD,0.0096,0.0279,0.0133,0.9131,0.0361
SIMPD7018H,PD,0.0063,0.0095,0.0051,0.9442,0.0349
SIMPD7019H,PD,0.0156,0.0128,0.0122,0.9521,0.0073
SIMPD7021H,PD,0.0030,0.0026,0.0020,0.9912,0.0012
SIMPD7022H,PD,0.0064,0.0197,0.1043,0.8467,0.0229
SIMPD7023H,PD,0.0963,0.0120,0.0684,0.7408,0.0825
SIMPD7024H,PD,0.0052,0.0280,0.0330,0.9154,0.0184
SIMPD7025H,PD,0.0043,0.0370,0.0166,0.8807,0.0614
SIMPD7027H,PD,0.0186,0.0037,0.0089,0.9615,0.0073
SIMPD7035H,PD,0.0109,0.0121,0.0541,0.9195,0.0034
SIMPD7036H,PD,0.0710,0.0718,0.0117,0.8208,0.0247
SIMPD7037H,PD,0.0105,0.0064,0.0025,0.9739,0.0067
SIMPD7040H,PD,0.0035,0.0072,0.0065,0.9791,0.0037
SIMPD7041H,PD,0.0054,0.0983,0.0100,0.8802,0.0061
SIMPS6633H,PS,0.0690,0.7127,0.0370,0.1303,0.0510
SIMPS6634H,PS,0.0204,0.9253,0.0214,0.0089,0.0240
SIMPS6635H,PS,0.0085,0.8509,0.0086,0.1185,0.0135
SIMPS6638H,PS,0.0069,0.8606,0.1117,0.0176,0.0033
SIMPS6639H,PS,0.0071,0.7934,0.0485,0.1202,0.0308
SIMPS6641H,PS,0.0099,0.8866,0.0154,0.0785,0.0096
SIMPS6642H,PS,0.0245,0.8326,0.0110,0.1126,0.0193
SIMPS6643H,PS,0.0061,0.7217,0.2225,0.0456,0.0040
SIMPS6644H,PS,0.0176,0.7113,0.1263,0.1320,0.0128
SIMPS6645H,PS,0.0078,0.9185,0.0124,0.0539,0.0074
SIMPS6646H,PS,0.0160,0.8557,0.0036,0.1158,0.0089
SIMPS6652H,PS,0.0154,0.9406,0.0088,0.0127,0.0225
SIMPS6654H,PS,0.0070,0.8309,0.0305,0.0966,0.0350
SIMPS6657H,PS,0.0104,0.8015,0.0074,0.1505,0.0302
SIMPS6658H,PS,0.3449,0.3019,0.0065,0.2135,0.1333
SIMPS6661H,PS,0.0440,0.5631,0.0841,0.3004,0.0083
SIMWD6945H,WD,0.4100,0.0044,0.1099,0.0998,0.3759
SIMWD6947H,WD,0.4007,0.0050,0.1064,0.1039,0.3840
SIMWD6948H,WD,0.3873,0.0027,0.1054,0.0976,0.4070
SIMWD6954H,WD,0.3928,0.0239,0.0950,0.0984,0.3899
SIMWD6955H,WD,0.3974,0.0060,0.1021,0.1041,0.3904
SIMWD6956H,WD,0.2698,0.3446,0.0473,0.0778,0.2605
SIMWD6957H,WD,0.3333,0.0874,0.0925,0.0887,0.3981
SIMWD6958H,WD,0.3929,0.0058,0.1005,0.1118,0.3890
SIMWD6959H,WD,0.3876,0.0196,0.1007,0.0683,0.4238
SIMWD6962H,WD,0.4252,0.1135,0.0486,0.0894,0.3233
SIMWD6967H,WD,0.3591,0.0160,0.0981,0.1403,0.3865
SIMWD6968H,WD,0.3569,0.0464,0.0889,0.1679,0.3399
SIMWD6969H,WD,0.3929,0.0078,0.1006,0.1077,0.3910
SIMWD6972H,WD,0.3714,0.0141,0.1040,0.0907,0.4198
