SIMGD6824H,GD,0.0925,0.8832,0.0041,0.0073,0.0085,0.0044
SIMGD6825H,GD,0.0966,0.8827,0.0025,0.0033,0.0089,0.0060
SIMGD6826H,GD,0.0991,0.8734,0.0080,0.0074,0.0084,0.0037
SIMGD6827H,GD,0.0978,0.8597,0.0139,0.0037,0.0026,0.0223
SIMGD6828H,GD,0.1085,0.8389,0.0109,0.0100,0.0218,0.0099
SIMGD6829H,GD,0.1025,0.8611,0.0062,0.0078,0.0079,0.0145
SIMGD6831H,GD,0.1031,0.8032,0.0020,0.0048,0.0785,0.0084
SIMGD6833H,GD,0.0636,0.9092,0.0036,0.0091,0.0076,0.0069
SIMGD6840H,GD,0.0992,0.8184,0.0209,0.0340,0.0117,0.0158
SIMGD6841H,GD,0.1091,0.8631,0.0064,0.0079,0.0105,0.0030
SIMGD6844H,GD,0.1076,0.7445,0.0463,0.0234,0.0286,0.0496
SIMGD6846H,GD,0.0597,0.6784,0.0084,0.0120,0.0056,0.2360
SIMGD6847H,GD,0.1018,0.8302,0.0035,0.0172,0.0365,0.0108
SIMGD6848H,GD,0.1229,0.8158,0.0053,0.0097,0.0233,0.0230
SIMGD6851H,GD,0.1196,0.8721,0.0017,0.0014,0.0032,0.0020
SIMGS6764H,GS,0.0656,0.0027,0.1086,0.7670,0.0535,0.0026
SIMGS6765H,GS,0.1370,0.0060,0.0915,0.7481,0.0159,0.0015
SIMGS6767H,GS,0.1225,0.0046,0.1049,0.7441,0.0153,0.0086
SIMGS6768H,GS,0.1203,0.0157,0.0746,0.6982,0.0530,0.0382
SIMGS6769H,GS,0.0938,0.0028,0.1272,0.7689,0.0043,0.0030
SIMGS6771H,GS,0.0906,0.0039,0.1029,0.7912,0.0086,0.0028
SIMGS6773H,GS,0.0959,0.0262,0.1361,0.6960,0.0416,0.0042
SIMGS6775H,GS,0.0874,0.0068,0.0751,0.8173,0.0054,0.0080
SIMGS6776H,GS,0.1141,0.0428,0.0775,0.6569,0.0124,0.0963
SIMGS6778H,GS,0.0351,0.0034,0.0608,0.6625,0.1226,0.1156
SIMGS6780H,GS,0.0782,0.1016,0.1066,0.6829,0.0159,0.0147
SIMGS6784H,GS,0.0613,0.0044,0.0940,0.7132,0.0073,0.1198
SIMGS6785H,GS,0.1004,0.0029,0.1069,0.7839,0.0037,0.0022
SIMGS6788H,GS,0.1047,0.0041,0.0794,0.7595,0.0069,0.0454
SIMGS6789H,GS,0.0997,0.0043,0.1002,0.7881,0.0045,0.0032
SIMGS6790H,GS,0.1204,0.0093,0.0881,0.7739,0.0042,0.0041
SIMJD6884H,JD,0.9236,0.0081,0.0171,0.0099,0.0085,0.0328
SIMJD6886H,JD,0.7809,0.0568,0.0142,0.1051,0.0253,0.0177
SIMJD6887H,JD,0.8716,0.0057,0.0303,0.0070,0.0158,0.0696
SIMJD6888H,JD,0.9390,0.0154,0.0077,0.0174,0.0133,0.0072
SIMJD6894H,JD,0.9236,0.0271,0.0068,0.0122,0.0229,0.0074
SIMJD6895H,JD,0.9842,0.0063,0.0014,0.0036,0.0021,0.0024
SIMJD6896H,JD,0.8251,0.0090,0.0809,0.0179,0.0484,0.0187
SIMJD6897H,JD,0.8842,0.0132,0.0167,0.0198,0.0300,0.0361
SIMJD6898H,JD,0.7781,0.1616,0.0068,0.0101,0.0383,0.0051
SIMJD6899H,JD,0.9843,0.0063,0.0036,0.0026,0.0021,0.0011
SIMJD6905H,JD,0.8794,0.0105,0.0053,0.0587,0.0141,0.0320
SIMJD6906H,JD,0.6909,0.0047,0.0025,0.0367,0.0037,0.2614
SIMJD6907H,JD,0.9548,0.0055,0.0083,0.0173,0.0105,0.0036
SIMJD6908H,JD,0.8977,0.0098,0.0575,0.0209,0.0075,0.0066
SIMJD6913H,JD,0.9900,0.0018,0.0011,0.0024,0.0023,0.0024
SIMJS6704H,JS,0.0021,0.1934,0.0088,0.1967,0.5950,0.0040
SIMJS6706H,JS,0.0097,0.1964,0.0062,0.1985,0.5858,0.0034
SIMJS6707H,JS,0.0628,0.2064,0.0051,0.2774,0.4442,0.0041
SIMJS6709H,JS,0.0035,0.1896,0.0300,0.1957,0.5786,0.0026
SIMJS6711H,JS,0.0051,0.1982,0.0291,0.1939,0.5692,0.0045
SIMJS6713H,JS,0.0024,0.1954,0.0027,0.1983,0.5962,0.0050
SIMJS6715H,JS,0.0034,0.1984,0.0021,0.1996,0.5951,0.0014
SIMJS6716H,JS,0.0218,0.3055,0.0083,0.2269,0.4009,0.0366
SIMJS6717H,JS,0.0200,0.1538,0.0033,0.1507,0.6613,0.0109
SIMJS6718H,JS,0.1071,0.1736,0.0937,0.1831,0.4226,0.0199
SIMJS6725H,JS,0.0747,0.2009,0.0055,0.2097,0.5037,0.0055
SIMJS6726H,JS,0.0591,0.1744,0.0259,0.1861,0.5493,0.0052
SIMJS6727H,JS,0.0138,0.2934,0.0217,0.1728,0.4913,0.0070
SIMJS6728H,JS,0.0103,0.2123,0.0097,0.1113,0.4451,0.2113
SIMPD7015H,PD,0.0032,0.0036,0.9782,0.0026,0.0065,0.0059
SIMPD7016H,PD,0.0074,0.0572,0.8957,0.0129,0.0146,0.0122
SIMPD7018H,PD,0.0070,0.0418,0.9282,0.0056,0.0097,0.0077
SIMPD7019H,PD,0.0021,0.0028,0.9253,0.0087,0.0123,0.0488
SIMPD7021H,PD,0.0024,0.0011,0.9893,0.0021,0.0027,0.0024
SIMPD7022H,PD,0.0094,0.0237,0.8564,0.0937,0.0113,0.0055
SIMPD7023H,PD,0.0114,0.0160,0.6862,0.0273,0.0166,0.2425
SIMPD7024H,PD,0.0054,0.0230,0.9074,0.0336,0.0271,0.0035
SIMPD7025H,PD,0.0044,0.0622,0.8766,0.0142,0.0363,0.0063
SIMPD7027H,PD,0.0032,0.0022,0.9325,0.0054,0.0032,0.0535
SIMPD7035H,PD,0.0163,0.0037,0.9080,0.0510,0.0125,0.0085
SIMPD7036H,PD,0.0727,0.0370,0.7817,0.0238,0.0673,0.0175
SIMPD7037H,PD,0.0094,0.0050,0.9730,0.0059,0.0047,0.0020
SIMPD7040H,PD,0.0034,0.0038,0.9771,0.0060,0.0065,0.0032
SIMPD7041H,PD,0.0086,0.0113,0.8782,0.0176,0.0809,0.0034
SIMPS6633H,PS,0.0587,0.0349,0.0627,0.0317,0.7586,0.0535
SIMPS6634H,PS,0.0251,0.0397,0.0044,0.0411,0.8731,0.0166
SIMPS6635H,PS,0.0057,0.0110,0.0133,0.0054,0.9590,0.0056
SIMPS6638H,PS,0.0081,0.0029,0.0018,0.0531,0.9323,0.0018
SIMPS6639H,PS,0.0051,0.0185,0.0306,0.0223,0.9161,0.0074
SIMPS6641H,PS,0.0031,0.0107,0.0110,0.0149,0.9457,0.0146
SIMPS6642H,PS,0.0043,0.0056,0.0152,0.0056,0.9331,0.0362
SIMPS6643H,PS,0.0100,0.0044,0.0048,0.1862,0.7892,0.0054
SIMPS6644H,PS,0.0119,0.0052,0.0270,0.0745,0.8715,0.0099
SIMPS6645H,PS,0.0090,0.0082,0.0036,0.0093,0.9660,0.0039
SIMPS6646H,PS,0.0156,0.0071,0.0200,0.0037,0.9492,0.0044
SIMPS6652H,PS,0.0163,0.0176,0.0040,0.0062,0.9510,0.0049
SIMPS6654H,PS,0.0039,0.0245,0.0090,0.0190,0.9329,0.0107
SIMPS6657H,PS,0.0036,0.0204,0.0411,0.0082,0.9034,0.0233
SIMPS6658H,PS,0.1715,0.0103,0.0734,0.0037,0.5548,0.1863
SIMPS6661H,PS,0.0435,0.0051,0.1731,0.0528,0.7193,0.0061
SIMWD6945H,WD,0.0123,0.0024,0.0025,0.0057,0.0059,0.9712
SIMWD6947H,WD,0.0104,0.0058,0.0066,0.0057,0.0052,0.9663
SIMWD6948H,WD,0.0028,0.0123,0.0039,0.0068,0.0023,0.9719
SIMWD6954H,WD,0.0037,0.0039,0.0037,0.0030,0.0120,0.9737
SIMWD6955H,WD,0.0031,0.0021,0.0036,0.0030,0.0037,0.9845
SIMWD6956H,WD,0.0088,0.0115,0.0134,0.0111,0.3964,0.5588
SIMWD6957H,WD,0.0026,0.0235,0.0044,0.0094,0.0244,0.9357
SIMWD6958H,WD,0.0030,0.0024,0.0050,0.0034,0.0035,0.9827
SIMWD6959H,WD,0.0186,0.0372,0.0039,0.0101,0.0146,0.9155
SIMWD6962H,WD,0.0505,0.0080,0.0065,0.0090,0.0556,0.8704
SIMWD6967H,WD,0.0080,0.0237,0.0292,0.0118,0.0103,0.9170
SIMWD6968H,WD,0.0132,0.0138,0.0372,0.0237,0.0349,0.8772
SIMWD6969H,WD,0.0096,0.0058,0.0071,0.0048,0.0054,0.9673
SIMWD6972H,WD,0.0331,0.0572,0.0062,0.0082,0.0071,0.8882
