SIMGD6824H,GD,0.0020,0.0030,0.9700,0.0050,0.0020,0.0040,0.0140
SIMGD6825H,GD,0.0040,0.0070,0.9720,0.0020,0.0010,0.0070,0.0070
SIMGD6826H,GD,0.0040,0.0030,0.9700,0.0060,0.0070,0.0050,0.0050
SIMGD6827H,GD,0.0010,0.0110,0.9700,0.0020,0.0120,0.0020,0.0020
SIMGD6828H,GD,0.0090,0.0040,0.9600,0.0030,0.0070,0.0070,0.0100
SIMGD6829H,GD,0.0180,0.0140,0.9369,0.0090,0.0050,0.0060,0.0110
SIMGD6831H,GD,0.0030,0.0030,0.9770,0.0040,0.0010,0.0100,0.0020
SIMGD6833H,GD,0.0020,0.0030,0.9580,0.0030,0.0030,0.0030,0.0280
SIMGD6840H,GD,0.0080,0.0240,0.8809,0.0490,0.0180,0.0080,0.0120
SIMGD6841H,GD,0.0299,0.0030,0.9291,0.0050,0.0070,0.0120,0.0140
SIMGD6844H,GD,0.0050,0.0810,0.8550,0.0060,0.0210,0.0250,0.0070
SIMGD6846H,GD,0.0030,0.1570,0.8040,0.0210,0.0050,0.0070,0.0030
SIMGD6847H,GD,0.0080,0.0060,0.9051,0.0040,0.0030,0.0180,0.0559
SIMGD6848H,GD,0.0660,0.0450,0.8090,0.0140,0.0050,0.0520,0.0090
SIMGD6851H,GD,0.0250,0.0010,0.9680,0.0010,0.0010,0.0020,0.0020
SIMGS6764H,GS,0.0060,0.0020,0.0020,0.9101,0.0110,0.0659,0.0030
SIMGS6765H,GS,0.0260,0.0020,0.0050,0.9301,0.0080,0.0220,0.0070
SIMGS6767H,GS,0.0290,0.0110,0.0030,0.9201,0.0110,0.0140,0.0120
SIMGS6768H,GS,0.0270,0.0200,0.0080,0.8272,0.0060,0.1079,0.0040
SIMGS6769H,GS,0.0020,0.0020,0.0040,0.9670,0.0190,0.0030,0.0030
SIMGS6771H,GS,0.0030,0.0020,0.0030,0.9730,0.0050,0.0040,0.0100
SIMGS6773H,GS,0.0070,0.0050,0.0180,0.7648,0.1051,0.0631,0.0370
SIMGS6775H,GS,0.0110,0.0070,0.0020,0.9469,0.0010,0.0020,0.0300
SIMGS6776H,GS,0.0470,0.0990,0.0250,0.7000,0.0050,0.0070,0.1170
SIMGS6778H,GS,0.0170,0.0440,0.0030,0.8720,0.0090,0.0480,0.0070
SIMGS6780H,GS,0.0060,0.0150,0.0540,0.7530,0.0320,0.0060,0.1340
SIMGS6784H,GS,0.0040,0.0380,0.0040,0.9399,0.0060,0.0050,0.0030
SIMGS6785H,GS,0.0030,0.0020,0.0030,0.9810,0.0050,0.0020,0.0040
SIMGS6788H,GS,0.0040,0.0280,0.0040,0.9520,0.0040,0.0030,0.0050
SIMGS6789H,GS,0.0020,0.0020,0.0040,0.9830,0.0030,0.0030,0.0030
SIMGS6790H,GS,0.0070,0.0120,0.0150,0.9530,0.0030,0.0080,0.0020
SIMJD6884H,JD,0.9359,0.0170,0.0060,0.0080,0.0190,0.0090,0.0050
SIMJD6886H,JD,0.6673,0.0070,0.0719,0.2248,0.0120,0.0100,0.0070
SIMJD6887H,JD,0.8960,0.0690,0.0030,0.0040,0.0100,0.0070,0.0110
SIMJD6888H,JD,0.9341,0.0080,0.0130,0.0110,0.0050,0.0100,0.0190
SIMJD6894H,JD,0.9540,0.0050,0.0110,0.0060,0.0020,0.0120,0.0100
SIMJD6895H,JD,0.9860,0.0020,0.0030,0.0040,0.0010,0.0020,0.0020
SIMJD6896H,JD,0.8521,0.0140,0.0050,0.0040,0.0410,0.0490,0.0350
SIMJD6897H,JD,0.8288,0.0591,0.0040,0.0150,0.0200,0.0120,0.0611
SIMJD6898H,JD,0.7570,0.0020,0.1540,0.0030,0.0060,0.0050,0.0730
SIMJD6899H,JD,0.9850,0.0010,0.0070,0.0020,0.0020,0.0020,0.0010
SIMJD6905H,JD,0.7672,0.0380,0.0130,0.1369,0.0050,0.0130,0.0270
SIMJD6906H,JD,0.7097,0.2593,0.0050,0.0200,0.0010,0.0030,0.0020
SIMJD6907H,JD,0.9520,0.0030,0.0050,0.0080,0.0090,0.0120,0.0110
SIMJD6908H,JD,0.9330,0.0040,0.0130,0.0080,0.0210,0.0030,0.0180
SIMJD6913H,JD,0.9880,0.0030,0.0010,0.0020,0.0010,0.0020,0.0030
SIMJS6704H,JS,0.0020,0.0050,0.0050,0.0090,0.0140,0.0260,0.9391
SIMJS6706H,JS,0.0100,0.0020,0.0040,0.0030,0.0060,0.0050,0.9700
SIMJS6707H,JS,0.0110,0.0020,0.0140,0.2460,0.0040,0.0070,0.7160
SIMJS6709H,JS,0.0020,0.0030,0.0020,0.0010,0.0180,0.0050,0.9690
SIMJS6711H,JS,0.0030,0.0030,0.0060,0.0040,0.0100,0.0080,0.9660
SIMJS6713H,JS,0.0030,0.0070,0.0030,0.0030,0.0010,0.0070,0.9760
SIMJS6715H,JS,0.0030,0.0010,0.0010,0.0020,0.0020,0.0030,0.9880
SIMJS6716H,JS,0.0070,0.0200,0.0230,0.0280,0.0050,0.0040,0.9131
SIMJS6717H,JS,0.0550,0.0120,0.0050,0.0020,0.0030,0.0610,0.8620
SIMJS6718H,JS,0.0660,0.0110,0.0070,0.0070,0.0220,0.0110,0.8760
SIMJS6725H,JS,0.0080,0.0050,0.0040,0.0410,0.0030,0.0040,0.9351
SIMJS6726H,JS,0.0959,0.0040,0.0140,0.0220,0.0170,0.0140,0.8332
SIMJS6727H,JS,0.0080,0.0060,0.0919,0.0070,0.0250,0.0120,0.8501
SIMJS6728H,JS,0.0070,0.1562,0.1181,0.0040,0.0030,0.0150,0.6967
SIMPD7015H,PD,0.0020,0.0040,0.0030,0.0020,0.9810,0.0050,0.0030
SIMPD7016H,PD,0.0050,0.0160,0.1079,0.0070,0.8112,0.0140,0.0390
SIMPD7018H,PD,0.0050,0.0120,0.0639,0.0060,0.8861,0.0180,0.0090
SIMPD7019H,PD,0.0020,0.0470,0.0020,0.0360,0.8889,0.0080,0.0160
SIMPD7021H,PD,0.0030,0.0020,0.0010,0.0010,0.9890,0.0020,0.0020
SIMPD7022H,PD,0.0040,0.0040,0.0070,0.1180,0.8380,0.0180,0.0110
SIMPD7023H,PD,0.0110,0.2950,0.0120,0.0330,0.6350,0.0110,0.0030
SIMPD7024H,PD,0.0040,0.0020,0.0230,0.0340,0.9221,0.0110,0.0040
SIMPD7025H,PD,0.0030,0.0060,0.0410,0.0090,0.8751,0.0430,0.0230
SIMPD7027H,PD,0.0040,0.0769,0.0030,0.0060,0.9041,0.0040,0.0020
SIMPD7035H,PD,0.0080,0.0120,0.0040,0.0679,0.8881,0.0140,0.0060
SIMPD7036H,PD,0.0959,0.0090,0.0230,0.0130,0.7073,0.1119,0.0400
SIMPD7037H,PD,0.0040,0.0010,0.0030,0.0010,0.9870,0.0020,0.0020
SIMPD7040H,PD,0.0020,0.0020,0.0020,0.0030,0.9810,0.0070,0.0030
SIMPD7041H,PD,0.0140,0.0020,0.0040,0.0090,0.8521,0.0100,0.1089
SIMPS6633H,PS,0.0679,0.0170,0.0370,0.0140,0.0400,0.7972,0.0270
SIMPS6634H,PS,0.0070,0.0150,0.0300,0.0160,0.0030,0.6967,0.2322
SIMPS6635H,PS,0.0050,0.0050,0.0090,0.0040,0.0050,0.9690,0.0030
SIMPS6638H,PS,0.0060,0.0020,0.0030,0.0180,0.0010,0.9620,0.0080
SIMPS6639H,PS,0.0040,0.0030,0.0150,0.0150,0.0100,0.9499,0.0030
SIMPS6641H,PS,0.0030,0.0190,0.0100,0.0130,0.0070,0.8781,0.0699
SIMPS6642H,PS,0.0030,0.0120,0.0030,0.0040,0.0070,0.9660,0.0050
SIMPS6643H,PS,0.0030,0.0050,0.0020,0.0810,0.0030,0.9000,0.0060
SIMPS6644H,PS,0.0060,0.0060,0.0050,0.0260,0.0170,0.9360,0.0040
SIMPS6645H,PS,0.0070,0.0030,0.0070,0.0060,0.0040,0.9640,0.0090
SIMPS6646H,PS,0.0170,0.0030,0.0030,0.0020,0.0080,0.9580,0.0090
SIMPS6652H,PS,0.0140,0.0040,0.0200,0.0030,0.0020,0.9491,0.0080
SIMPS6654H,PS,0.0040,0.0140,0.0140,0.0350,0.0070,0.9160,0.0100
SIMPS6657H,PS,0.0040,0.0090,0.0240,0.0030,0.0090,0.9199,0.0310
SIMPS6658H,PS,0.1848,0.0500,0.0140,0.0030,0.0190,0.7253,0.0040
SIMPS6661H,PS,0.0200,0.0020,0.0040,0.0050,0.0390,0.9260,0.0040
SIMWD6945H,WD,0.0070,0.9780,0.0020,0.0050,0.0020,0.0050,0.0010
SIMWD6947H,WD,0.0060,0.9671,0.0070,0.0050,0.0040,0.0070,0.0040
SIMWD6948H,WD,0.0020,0.9760,0.0080,0.0070,0.0040,0.0020,0.0010
SIMWD6954H,WD,0.0030,0.9790,0.0020,0.0010,0.0030,0.0090,0.0030
SIMWD6955H,WD,0.0030,0.9830,0.0020,0.0020,0.0030,0.0030,0.0040
SIMWD6956H,WD,0.0070,0.5175,0.0070,0.0040,0.0030,0.4565,0.0050
SIMWD6957H,WD,0.0030,0.9169,0.0390,0.0030,0.0040,0.0050,0.0290
SIMWD6958H,WD,0.0030,0.9790,0.0020,0.0010,0.0060,0.0020,0.0070
SIMWD6959H,WD,0.0050,0.9610,0.0150,0.0050,0.0020,0.0080,0.0040
SIMWD6962H,WD,0.0250,0.9041,0.0040,0.0060,0.0040,0.0410,0.0160
SIMWD6967H,WD,0.0080,0.8820,0.0140,0.0130,0.0340,0.0110,0.0380
SIMWD6968H,WD,0.0180,0.7782,0.0030,0.0070,0.0290,0.0060,0.1588
SIMWD6969H,WD,0.0080,0.9560,0.0060,0.0100,0.0060,0.0100,0.0040
SIMWD6972H,WD,0.0569,0.8382,0.0729,0.0110,0.0070,0.0060,0.0080
