SIMGD6824H,GD,0.0020,0.9690,0.0040,0.0190,0.0030,0.0030
SIMGD6825H,GD,0.0030,0.9670,0.0030,0.0080,0.0110,0.0080
SIMGD6826H,GD,0.0030,0.9740,0.0090,0.0050,0.0070,0.0020
SIMGD6827H,GD,0.0020,0.9711,0.0100,0.0030,0.0030,0.0110
SIMGD6828H,GD,0.0180,0.8800,0.0080,0.0640,0.0130,0.0170
SIMGD6829H,GD,0.0060,0.9470,0.0070,0.0110,0.0070,0.0220
SIMGD6831H,GD,0.0050,0.9800,0.0020,0.0020,0.0060,0.0050
SIMGD6833H,GD,0.0030,0.9490,0.0030,0.0380,0.0040,0.0030
SIMGD6840H,GD,0.0080,0.9079,0.0501,0.0100,0.0120,0.0120
SIMGD6841H,GD,0.0130,0.9460,0.0060,0.0140,0.0180,0.0030
SIMGD6844H,GD,0.0430,0.8560,0.0430,0.0110,0.0250,0.0220
SIMGD6846H,GD,0.0030,0.7720,0.0110,0.0030,0.0090,0.2020
SIMGD6847H,GD,0.0130,0.9020,0.0040,0.0610,0.0140,0.0060
SIMGD6848H,GD,0.0240,0.9210,0.0060,0.0060,0.0320,0.0110
SIMGD6851H,GD,0.0280,0.9610,0.0020,0.0040,0.0030,0.0020
SIMGS6764H,GS,0.0180,0.0040,0.9520,0.0030,0.0210,0.0020
SIMGS6765H,GS,0.1179,0.0020,0.8472,0.0090,0.0220,0.0020
SIMGS6767H,GS,0.0230,0.0040,0.9411,0.0070,0.0160,0.0090
SIMGS6768H,GS,0.0550,0.0260,0.6970,0.0040,0.1830,0.0350
SIMGS6769H,GS,0.0020,0.0020,0.9880,0.0020,0.0040,0.0020
SIMGS6771H,GS,0.0090,0.0030,0.9740,0.0060,0.0050,0.0030
SIMGS6773H,GS,0.0060,0.0070,0.9590,0.0110,0.0140,0.0030
SIMGS6775H,GS,0.0501,0.0020,0.7307,0.2072,0.0020,0.0080
SIMGS6776H,GS,0.0540,0.0250,0.7270,0.0220,0.0070,0.1650
SIMGS6778H,GS,0.0160,0.0050,0.5060,0.0050,0.2220,0.2460
SIMGS6780H,GS,0.0090,0.0690,0.8650,0.0310,0.0040,0.0220
SIMGS6784H,GS,0.0020,0.0040,0.8990,0.0090,0.0110,0.0750
SIMGS6785H,GS,0.0080,0.0040,0.9790,0.0020,0.0050,0.0020
SIMGS6788H,GS,0.0270,0.0070,0.7578,0.0030,0.0050,0.2002
SIMGS6789H,GS,0.0050,0.0070,0.9760,0.0020,0.0050,0.0050
SIMGS6790H,GS,0.1241,0.0080,0.8519,0.0030,0.0070,0.0060
SIMJD6884H,JD,0.8639,0.0120,0.0240,0.0140,0.0150,0.0711
SIMJD6886H,JD,0.8040,0.0960,0.0350,0.0100,0.0330,0.0220
SIMJD6887H,JD,0.8358,0.0040,0.0210,0.0120,0.0180,0.1091
SIMJD6888H,JD,0.9260,0.0150,0.0130,0.0210,0.0120,0.0130
SIMJD6894H,JD,0.9520,0.0150,0.0070,0.0060,0.0170,0.0030
SIMJD6895H,JD,0.9850,0.0060,0.0020,0.0020,0.0020,0.0030
SIMJD6896H,JD,0.8550,0.0080,0.0120,0.0440,0.0630,0.0180
SIMJD6897H,JD,0.8581,0.0050,0.0160,0.0490,0.0230,0.0490
SIMJD6898H,JD,0.7360,0.2290,0.0100,0.0090,0.0120,0.0040
SIMJD6899H,JD,0.9840,0.0070,0.0040,0.0010,0.0030,0.0010
SIMJD6905H,JD,0.9419,0.0080,0.0090,0.0150,0.0100,0.0160
SIMJD6906H,JD,0.7710,0.0030,0.0060,0.0030,0.0040,0.2130
SIMJD6907H,JD,0.9570,0.0040,0.0160,0.0060,0.0110,0.0060
SIMJD6908H,JD,0.8659,0.0070,0.0581,0.0571,0.0050,0.0070
SIMJD6913H,JD,0.9910,0.0010,0.0010,0.0030,0.0020,0.0020
SIMJS6704H,JS,0.0030,0.0060,0.0060,0.9550,0.0260,0.0040
SIMJS6706H,JS,0.0090,0.0030,0.0070,0.9640,0.0120,0.0050
SIMJS6707H,JS,0.0430,0.0300,0.0140,0.8980,0.0100,0.0050
SIMJS6709H,JS,0.0030,0.0020,0.0050,0.9740,0.0130,0.0030
SIMJS6711H,JS,0.0040,0.0150,0.0090,0.9481,0.0200,0.0040
SIMJS6713H,JS,0.0030,0.0050,0.0040,0.9760,0.0050,0.0070
SIMJS6715H,JS,0.0030,0.0010,0.0020,0.9910,0.0020,0.0010
SIMJS6716H,JS,0.0100,0.0330,0.0120,0.9161,0.0040,0.0250
SIMJS6717H,JS,0.0100,0.0060,0.0020,0.6680,0.3040,0.0100
SIMJS6718H,JS,0.0580,0.0040,0.0090,0.9030,0.0040,0.0220
SIMJS6725H,JS,0.0100,0.0110,0.0150,0.9520,0.0080,0.0040
SIMJS6726H,JS,0.0410,0.0180,0.0310,0.8770,0.0240,0.0090
SIMJS6727H,JS,0.0040,0.1039,0.0100,0.8591,0.0160,0.0070
SIMJS6728H,JS,0.0090,0.1209,0.0090,0.5435,0.0689,0.2488
SIMPD7015H,PD,0.0070,0.0050,0.9530,0.0100,0.0130,0.0120
SIMPD7016H,PD,0.0090,0.0420,0.8970,0.0380,0.0070,0.0070
SIMPD7018H,PD,0.0080,0.0920,0.8560,0.0140,0.0150,0.0150
SIMPD7019H,PD,0.0010,0.0020,0.9490,0.0040,0.0100,0.0340
SIMPD7021H,PD,0.0030,0.0010,0.9840,0.0060,0.0030,0.0030
SIMPD7022H,PD,0.0030,0.0270,0.9331,0.0250,0.0070,0.0050
SIMPD7023H,PD,0.0210,0.0110,0.6014,0.0050,0.0110,0.3506
SIMPD7024H,PD,0.0020,0.0070,0.9510,0.0220,0.0130,0.0050
SIMPD7025H,PD,0.0040,0.1059,0.8022,0.0290,0.0549,0.0040
SIMPD7027H,PD,0.0030,0.0020,0.8280,0.0020,0.0030,0.1620
SIMPD7035H,PD,0.0100,0.0030,0.9350,0.0220,0.0160,0.0140
SIMPD7036H,PD,0.0851,0.0430,0.6667,0.1111,0.0470,0.0470
SIMPD7037H,PD,0.0200,0.0090,0.9151,0.0380,0.0140,0.0040
SIMPD7040H,PD,0.0030,0.0050,0.9760,0.0070,0.0060,0.0030
SIMPD7041H,PD,0.0020,0.0070,0.9010,0.0500,0.0370,0.0030
SIMPS6633H,PS,0.0999,0.0370,0.0579,0.0669,0.6793,0.0589
SIMPS6634H,PS,0.0120,0.0160,0.0150,0.1160,0.8250,0.0160
SIMPS6635H,PS,0.0030,0.0130,0.0050,0.0030,0.9730,0.0030
SIMPS6638H,PS,0.0100,0.0050,0.0040,0.0040,0.9750,0.0020
SIMPS6639H,PS,0.0040,0.0080,0.0200,0.0030,0.9630,0.0020
SIMPS6641H,PS,0.0030,0.0040,0.0110,0.0270,0.9360,0.0190
SIMPS6642H,PS,0.0040,0.0040,0.0050,0.0050,0.9700,0.0120
SIMPS6643H,PS,0.0060,0.0030,0.0220,0.0130,0.9481,0.0080
SIMPS6644H,PS,0.0050,0.0040,0.0680,0.0040,0.9120,0.0070
SIMPS6645H,PS,0.0080,0.0120,0.0060,0.0140,0.9560,0.0040
SIMPS6646H,PS,0.0130,0.0050,0.0050,0.0050,0.9690,0.0030
SIMPS6652H,PS,0.0200,0.0210,0.0060,0.0070,0.9430,0.0030
SIMPS6654H,PS,0.0040,0.0420,0.0110,0.0120,0.9259,0.0050
SIMPS6657H,PS,0.0020,0.0230,0.0050,0.0220,0.9339,0.0140
SIMPS6658H,PS,0.1239,0.0110,0.0060,0.0070,0.8102,0.0420
SIMPS6661H,PS,0.0440,0.0080,0.0570,0.0070,0.8770,0.0070
SIMWD6945H,WD,0.0150,0.0020,0.0030,0.0020,0.0100,0.9680
SIMWD6947H,WD,0.0070,0.0070,0.0060,0.0070,0.0060,0.9670
SIMWD6948H,WD,0.0020,0.0070,0.0050,0.0010,0.0020,0.9830
SIMWD6954H,WD,0.0030,0.0040,0.0050,0.0090,0.0260,0.9530
SIMWD6955H,WD,0.0030,0.0020,0.0040,0.0030,0.0040,0.9840
SIMWD6956H,WD,0.0060,0.0080,0.0050,0.0060,0.6198,0.3553
SIMWD6957H,WD,0.0030,0.0150,0.0040,0.0410,0.0050,0.9320
SIMWD6958H,WD,0.0040,0.0020,0.0020,0.0070,0.0030,0.9820
SIMWD6959H,WD,0.0060,0.0621,0.0060,0.0060,0.0090,0.9108
SIMWD6962H,WD,0.0829,0.0060,0.0060,0.0290,0.0979,0.7782
SIMWD6967H,WD,0.0060,0.0330,0.0400,0.0110,0.0060,0.9040
SIMWD6968H,WD,0.0060,0.0050,0.0200,0.0350,0.0100,0.9240
SIMWD6969H,WD,0.0070,0.0060,0.0050,0.0040,0.0070,0.9710
SIMWD6972H,WD,0.0790,0.0860,0.0080,0.0150,0.0050,0.8070
