SIMGD6824H,GD,0.0123,0.0172,0.9705
SIMGD6825H,GD,0.0065,0.0110,0.9825
SIMGD6826H,GD,0.0169,0.0268,0.9563
SIMGD6827H,GD,0.0053,0.0071,0.9876
SIMGD6828H,GD,0.0243,0.0527,0.9230
SIMGD6829H,GD,0.0141,0.0119,0.9740
SIMGD6831H,GD,0.0100,0.0065,0.9835
SIMGD6833H,GD,0.0086,0.0183,0.9731
SIMGD6840H,GD,0.0462,0.0227,0.9311
SIMGD6841H,GD,0.0545,0.0452,0.9003
SIMGD6844H,GD,0.0737,0.0676,0.8587
SIMGD6846H,GD,0.0104,0.0096,0.9800
SIMGD6847H,GD,0.0138,0.0255,0.9607
SIMGD6848H,GD,0.0273,0.0200,0.9527
SIMGD6851H,GD,0.0311,0.0102,0.9587
SIMGS6764H,GS,0.8217,0.1704,0.0079
SIMGS6765H,GS,0.8821,0.1082,0.0097
SIMGS6767H,GS,0.8760,0.1149,0.0091
SIMGS6768H,GS,0.8447,0.1246,0.0307
SIMGS6769H,GS,0.8268,0.1641,0.0091
SIMGS6771H,GS,0.8740,0.1190,0.0070
SIMGS6773H,GS,0.8088,0.1741,0.0171
SIMGS6775H,GS,0.8819,0.1021,0.0160
SIMGS6776H,GS,0.6881,0.0957,0.2162
SIMGS6778H,GS,0.7117,0.2684,0.0199
SIMGS6780H,GS,0.7011,0.1208,0.1781
SIMGS6784H,GS,0.6808,0.1279,0.1913
SIMGS6785H,GS,0.8810,0.1127,0.0063
SIMGS6788H,GS,0.8715,0.1092,0.0193
SIMGS6789H,GS,0.8807,0.1058,0.0135
SIMGS6790H,GS,0.8740,0.1054,0.0206
SIMJD6884H,JD,0.7629,0.0225,0.2146
SIMJD6886H,JD,0.7196,0.0284,0.2520
SIMJD6887H,JD,0.7190,0.1045,0.1765
SIMJD6888H,JD,0.7794,0.0193,0.2013
SIMJD6894H,JD,0.7331,0.0398,0.2271
SIMJD6895H,JD,0.7777,0.0051,0.2172
SIMJD6896H,JD,0.5150,0.3145,0.1705
SIMJD6897H,JD,0.7630,0.1229,0.1141
SIMJD6898H,JD,0.6453,0.0579,0.2968
SIMJD6899H,JD,0.7915,0.0057,0.2028
SIMJD6905H,JD,0.7756,0.0587,0.1657
SIMJD6906H,JD,0.6829,0.0128,0.3043
SIMJD6907H,JD,0.7808,0.0189,0.2003
SIMJD6908H,JD,0.7776,0.0367,0.1857
SIMJD6913H,JD,0.7917,0.0071,0.2012
SIMJS6704H,JS,0.1019,0.8778,0.0203
SIMJS6706H,JS,0.1793,0.7901,0.0306
SIMJS6707H,JS,0.4331,0.4679,0.0991
SIMJS6709H,JS,0.1043,0.8900,0.0057
SIMJS6711H,JS,0.1430,0.7845,0.0725
SIMJS6713H,JS,0.1365,0.7442,0.1193
SIMJS6715H,JS,0.1537,0.8266,0.0198
SIMJS6716H,JS,0.1751,0.5122,0.3128
SIMJS6717H,JS,0.1359,0.7558,0.1083
SIMJS6718H,JS,0.2220,0.7330,0.0450
SIMJS6725H,JS,0.3773,0.5243,0.0984
SIMJS6726H,JS,0.2707,0.6760,0.0533
SIMJS6727H,JS,0.0830,0.6732,0.2438
SIMJS6728H,JS,0.0572,0.5508,0.3921
SIMPD7015H,PD,0.2002,0.7892,0.0106
SIMPD7016H,PD,0.1990,0.7748,0.0262
SIMPD7018H,PD,0.1947,0.7560,0.0493
SIMPD7019H,PD,0.1988,0.7945,0.0067
SIMPD7021H,PD,0.2037,0.7934,0.0029
SIMPD7022H,PD,0.2341,0.7468,0.0191
SIMPD7023H,PD,0.2288,0.6468,0.1244
SIMPD7024H,PD,0.2109,0.7794,0.0097
SIMPD7025H,PD,0.2010,0.7755,0.0235
SIMPD7027H,PD,0.2034,0.7732,0.0234
SIMPD7035H,PD,0.2286,0.7645,0.0069
SIMPD7036H,PD,0.1844,0.7712,0.0444
SIMPD7037H,PD,0.2038,0.7860,0.0102
SIMPD7040H,PD,0.2057,0.7857,0.0086
SIMPD7041H,PD,0.2021,0.7925,0.0054
SIMPS6633H,PS,0.0804,0.8293,0.0903
SIMPS6634H,PS,0.2301,0.6655,0.1044
SIMPS6635H,PS,0.0171,0.9668,0.0161
SIMPS6638H,PS,0.3098,0.6837,0.0065
SIMPS6639H,PS,0.0955,0.8621,0.0424
SIMPS6641H,PS,0.0282,0.9218,0.0500
SIMPS6642H,PS,0.0191,0.9493,0.0316
SIMPS6643H,PS,0.2799,0.7100,0.0101
SIMPS6644H,PS,0.1213,0.8629,0.0158
SIMPS6645H,PS,0.1093,0.8715,0.0192
SIMPS6646H,PS,0.0460,0.9338,0.0202
SIMPS6652H,PS,0.1314,0.7849,0.0837
SIMPS6654H,PS,0.0303,0.8935,0.0762
SIMPS6657H,PS,0.0143,0.8984,0.0873
SIMPS6658H,PS,0.0506,0.7136,0.2358
SIMPS6661H,PS,0.2700,0.7183,0.0117
SIMWD6945H,WD,0.0535,0.2037,0.7428
SIMWD6947H,WD,0.0291,0.1972,0.7737
SIMWD6948H,WD,0.0093,0.1214,0.8694
SIMWD6954H,WD,0.0089,0.2188,0.7723
SIMWD6955H,WD,0.0112,0.2120,0.7768
SIMWD6956H,WD,0.0629,0.3585,0.5786
SIMWD6957H,WD,0.0093,0.2179,0.7728
SIMWD6958H,WD,0.0124,0.2197,0.7679
SIMWD6959H,WD,0.0186,0.1769,0.8045
SIMWD6962H,WD,0.0422,0.2310,0.7268
SIMWD6967H,WD,0.0198,0.2316,0.7486
SIMWD6968H,WD,0.0369,0.3057,0.6574
SIMWD6969H,WD,0.0160,0.1961,0.7879
SIMWD6972H,WD,0.0335,0.1756,0.7909
