SIMGD6824H,GD,0.0020,0.9800,0.0030,0.0040,0.0070,0.0040
SIMGD6825H,GD,0.0030,0.9790,0.0020,0.0020,0.0090,0.0050
SIMGD6826H,GD,0.0040,0.9570,0.0090,0.0150,0.0120,0.0030
SIMGD6827H,GD,0.0020,0.9451,0.0210,0.0030,0.0020,0.0270
SIMGD6828H,GD,0.0220,0.9141,0.0160,0.0040,0.0300,0.0140
SIMGD6829H,GD,0.0050,0.9640,0.0060,0.0120,0.0080,0.0050
SIMGD6831H,GD,0.0080,0.9750,0.0020,0.0070,0.0040,0.0040
SIMGD6833H,GD,0.0030,0.9790,0.0030,0.0020,0.0070,0.0060
SIMGD6840H,GD,0.0090,0.9030,0.0230,0.0370,0.0150,0.0130
SIMGD6841H,GD,0.0070,0.9700,0.0060,0.0070,0.0080,0.0020
SIMGD6844H,GD,0.0230,0.7263,0.0519,0.0420,0.0709,0.0859
SIMGD6846H,GD,0.0040,0.8880,0.0050,0.0240,0.0030,0.0760
SIMGD6847H,GD,0.0200,0.8519,0.0050,0.0050,0.1111,0.0070
SIMGD6848H,GD,0.0310,0.9270,0.0050,0.0080,0.0190,0.0100
SIMGD6851H,GD,0.0170,0.9760,0.0020,0.0010,0.0020,0.0020
SIMGS6764H,GS,0.0140,0.0020,0.0070,0.9660,0.0090,0.0020
SIMGS6765H,GS,0.0100,0.0050,0.0060,0.9660,0.0120,0.0010
SIMGS6767H,GS,0.0599,0.0040,0.0110,0.8921,0.0240,0.0090
SIMGS6768H,GS,0.0350,0.0180,0.0060,0.8310,0.0520,0.0580
SIMGS6769H,GS,0.0020,0.0040,0.0420,0.9430,0.0060,0.0030
SIMGS6771H,GS,0.0050,0.0040,0.0040,0.9800,0.0040,0.0030
SIMGS6773H,GS,0.0090,0.0210,0.0310,0.8890,0.0450,0.0050
SIMGS6775H,GS,0.0110,0.0030,0.0020,0.9730,0.0050,0.0060
SIMGS6776H,GS,0.0160,0.0400,0.0090,0.8058,0.0110,0.1181
SIMGS6778H,GS,0.0300,0.0030,0.0080,0.6260,0.0380,0.2950
SIMGS6780H,GS,0.0070,0.0950,0.0140,0.8600,0.0080,0.0160
SIMGS6784H,GS,0.0020,0.0030,0.0030,0.7437,0.0030,0.2452
SIMGS6785H,GS,0.0030,0.0020,0.0110,0.9770,0.0040,0.0030
SIMGS6788H,GS,0.0070,0.0050,0.0060,0.9510,0.0040,0.0270
SIMGS6789H,GS,0.0030,0.0070,0.0030,0.9800,0.0040,0.0030
SIMGS6790H,GS,0.0070,0.0090,0.0020,0.9770,0.0030,0.0020
SIMJD6884H,JD,0.8880,0.0060,0.0200,0.0130,0.0130,0.0600
SIMJD6886H,JD,0.7828,0.0360,0.0120,0.1532,0.0100,0.0060
SIMJD6887H,JD,0.8380,0.0060,0.0190,0.0050,0.0170,0.1150
SIMJD6888H,JD,0.9241,0.0240,0.0080,0.0180,0.0200,0.0060
SIMJD6894H,JD,0.9341,0.0160,0.0080,0.0090,0.0260,0.0070
SIMJD6895H,JD,0.9890,0.0030,0.0010,0.0030,0.0020,0.0020
SIMJD6896H,JD,0.8921,0.0080,0.0360,0.0070,0.0310,0.0260
SIMJD6897H,JD,0.8890,0.0060,0.0130,0.0140,0.0330,0.0450
SIMJD6898H,JD,0.7908,0.1802,0.0080,0.0040,0.0090,0.0080
SIMJD6899H,JD,0.9810,0.0070,0.0040,0.0040,0.0030,0.0010
SIMJD6905H,JD,0.9071,0.0090,0.0040,0.0569,0.0090,0.0140
SIMJD6906H,JD,0.7343,0.0040,0.0020,0.0869,0.0040,0.1688
SIMJD6907H,JD,0.9330,0.0040,0.0110,0.0260,0.0220,0.0040
SIMJD6908H,JD,0.8661,0.0080,0.0919,0.0220,0.0060,0.0060
SIMJD6913H,JD,0.9940,0.0010,0.0010,0.0010,0.0020,0.0010
SIMJS6704H,JS,0.0020,0.0030,0.0040,0.0020,0.9850,0.0040
SIMJS6706H,JS,0.0080,0.0020,0.0040,0.0040,0.9790,0.0030
SIMJS6707H,JS,0.0760,0.0380,0.0040,0.1520,0.7240,0.0060
SIMJS6709H,JS,0.0050,0.0020,0.0340,0.0020,0.9550,0.0020
SIMJS6711H,JS,0.0040,0.0180,0.0350,0.0060,0.9320,0.0050
SIMJS6713H,JS,0.0030,0.0040,0.0030,0.0040,0.9810,0.0050
SIMJS6715H,JS,0.0040,0.0010,0.0020,0.0020,0.9890,0.0020
SIMJS6716H,JS,0.0060,0.0661,0.0210,0.0450,0.7397,0.1221
SIMJS6717H,JS,0.0100,0.0060,0.0020,0.0010,0.9760,0.0050
SIMJS6718H,JS,0.0591,0.0050,0.0951,0.0120,0.8018,0.0270
SIMJS6725H,JS,0.1852,0.0631,0.0060,0.0200,0.7157,0.0100
SIMJS6726H,JS,0.0450,0.0180,0.0470,0.0260,0.8590,0.0050
SIMJS6727H,JS,0.0070,0.0500,0.0240,0.0020,0.9100,0.0070
SIMJS6728H,JS,0.0080,0.0430,0.0120,0.0030,0.7180,0.2160
SIMPD7015H,PD,0.0020,0.0030,0.9820,0.0020,0.0070,0.0040
SIMPD7016H,PD,0.0130,0.0531,0.9079,0.0050,0.0110,0.0100
SIMPD7018H,PD,0.0060,0.0559,0.9161,0.0070,0.0070,0.0080
SIMPD7019H,PD,0.0030,0.0020,0.9310,0.0060,0.0180,0.0400
SIMPD7021H,PD,0.0020,0.0010,0.9900,0.0020,0.0020,0.0030
SIMPD7022H,PD,0.0060,0.0060,0.8300,0.1350,0.0180,0.0050
SIMPD7023H,PD,0.0130,0.0290,0.6820,0.0160,0.0090,0.2510
SIMPD7024H,PD,0.0030,0.0150,0.9090,0.0540,0.0160,0.0030
SIMPD7025H,PD,0.0020,0.0560,0.9140,0.0080,0.0160,0.0040
SIMPD7027H,PD,0.0020,0.0030,0.9419,0.0040,0.0030,0.0460
SIMPD7035H,PD,0.0160,0.0040,0.8910,0.0690,0.0120,0.0080
SIMPD7036H,PD,0.0719,0.0230,0.7652,0.0140,0.1129,0.0130
SIMPD7037H,PD,0.0140,0.0070,0.9690,0.0030,0.0050,0.0020
SIMPD7040H,PD,0.0040,0.0030,0.9760,0.0060,0.0080,0.0030
SIMPD7041H,PD,0.0030,0.0070,0.8921,0.0080,0.0839,0.0060
SIMPS6633H,PS,0.0340,0.0090,0.0360,0.0500,0.8370,0.0340
SIMPS6634H,PS,0.0160,0.0280,0.0030,0.0240,0.9191,0.0100
SIMPS6635H,PS,0.0150,0.0180,0.0100,0.0050,0.9440,0.0080
SIMPS6638H,PS,0.0050,0.0020,0.0020,0.1009,0.8881,0.0020
SIMPS6639H,PS,0.0040,0.0090,0.0330,0.0360,0.9110,0.0070
SIMPS6641H,PS,0.0020,0.0030,0.0110,0.0030,0.9730,0.0080
SIMPS6642H,PS,0.0050,0.0110,0.0170,0.0070,0.9170,0.0430
SIMPS6643H,PS,0.0040,0.0020,0.0020,0.2880,0.7000,0.0040
SIMPS6644H,PS,0.0080,0.0040,0.0120,0.1960,0.7690,0.0110
SIMPS6645H,PS,0.0150,0.0070,0.0020,0.0070,0.9650,0.0040
SIMPS6646H,PS,0.0230,0.0090,0.0270,0.0020,0.9340,0.0050
SIMPS6652H,PS,0.0220,0.0360,0.0040,0.0080,0.9239,0.0060
SIMPS6654H,PS,0.0030,0.0300,0.0080,0.0120,0.9291,0.0180
SIMPS6657H,PS,0.0050,0.0120,0.0160,0.0060,0.9459,0.0150
SIMPS6658H,PS,0.1810,0.0070,0.0560,0.0030,0.5400,0.2130
SIMPS6661H,PS,0.0470,0.0040,0.1171,0.2442,0.5836,0.0040
SIMWD6945H,WD,0.0130,0.0020,0.0030,0.0050,0.0040,0.9730
SIMWD6947H,WD,0.0100,0.0030,0.0040,0.0080,0.0040,0.9710
SIMWD6948H,WD,0.0030,0.0130,0.0020,0.0120,0.0020,0.9680
SIMWD6954H,WD,0.0080,0.0030,0.0060,0.0020,0.0230,0.9580
SIMWD6955H,WD,0.0030,0.0020,0.0040,0.0030,0.0040,0.9840
SIMWD6956H,WD,0.0130,0.0130,0.0230,0.0200,0.4210,0.5100
SIMWD6957H,WD,0.0020,0.0130,0.0040,0.0040,0.0230,0.9540
SIMWD6958H,WD,0.0020,0.0020,0.0060,0.0030,0.0030,0.9840
SIMWD6959H,WD,0.0410,0.0450,0.0030,0.0110,0.0140,0.8859
SIMWD6962H,WD,0.0750,0.0090,0.0060,0.0040,0.0200,0.8860
SIMWD6967H,WD,0.0060,0.0150,0.0530,0.0120,0.0190,0.8950
SIMWD6968H,WD,0.0070,0.0200,0.0340,0.0110,0.0220,0.9060
SIMWD6969H,WD,0.0050,0.0060,0.0060,0.0040,0.0040,0.9750
SIMWD6972H,WD,0.0160,0.0750,0.0080,0.0080,0.0180,0.8750
