SIMGD6824H,GD,0.0100,0.0150,0.9630,0.0120
SIMGD6825H,GD,0.0050,0.0120,0.9770,0.0060
SIMGD6826H,GD,0.0130,0.0110,0.9590,0.0170
SIMGD6827H,GD,0.0090,0.0030,0.9850,0.0030
SIMGD6828H,GD,0.0160,0.0380,0.9370,0.0090
SIMGD6829H,GD,0.0060,0.0110,0.9700,0.0130
SIMGD6831H,GD,0.0020,0.0050,0.9820,0.0110
SIMGD6833H,GD,0.0100,0.0120,0.9720,0.0060
SIMGD6840H,GD,0.0130,0.0150,0.9510,0.0210
SIMGD6841H,GD,0.0310,0.0480,0.8991,0.0220
SIMGD6844H,GD,0.0510,0.0240,0.9110,0.0140
SIMGD6846H,GD,0.0070,0.0040,0.9830,0.0060
SIMGD6847H,GD,0.0050,0.0980,0.8900,0.0070
SIMGD6848H,GD,0.0090,0.0160,0.9600,0.0150
SIMGD6851H,GD,0.0060,0.2462,0.7447,0.0030
SIMGS6764H,GS,0.0210,0.0050,0.0040,0.9700
SIMGS6765H,GS,0.0050,0.0140,0.0040,0.9770
SIMGS6767H,GS,0.0180,0.0430,0.0100,0.9290
SIMGS6768H,GS,0.0080,0.0090,0.0170,0.9660
SIMGS6769H,GS,0.0080,0.0040,0.0040,0.9840
SIMGS6771H,GS,0.0120,0.0100,0.0050,0.9730
SIMGS6773H,GS,0.0410,0.0170,0.0060,0.9359
SIMGS6775H,GS,0.0060,0.2120,0.0130,0.7690
SIMGS6776H,GS,0.0050,0.1600,0.1180,0.7170
SIMGS6778H,GS,0.0260,0.0140,0.0150,0.9450
SIMGS6780H,GS,0.0170,0.0890,0.1520,0.7420
SIMGS6784H,GS,0.0080,0.0170,0.0300,0.9451
SIMGS6785H,GS,0.0130,0.0060,0.0050,0.9760
SIMGS6788H,GS,0.0040,0.0080,0.0150,0.9730
SIMGS6789H,GS,0.0050,0.0050,0.0070,0.9830
SIMGS6790H,GS,0.0040,0.0090,0.0070,0.9800
SIMJD6884H,JD,0.0200,0.9390,0.0210,0.0200
SIMJD6886H,JD,0.0230,0.5005,0.1782,0.2983
SIMJD6887H,JD,0.0440,0.9320,0.0140,0.0100
SIMJD6888H,JD,0.0050,0.9670,0.0110,0.0170
SIMJD6894H,JD,0.0110,0.9489,0.0230,0.0170
SIMJD6895H,JD,0.0040,0.9190,0.0500,0.0270
SIMJD6896H,JD,0.1290,0.8400,0.0180,0.0130
SIMJD6897H,JD,0.0240,0.9380,0.0180,0.0200
SIMJD6898H,JD,0.0130,0.9381,0.0420,0.0070
SIMJD6899H,JD,0.0040,0.9870,0.0030,0.0060
SIMJD6905H,JD,0.0060,0.8950,0.0190,0.0800
SIMJD6906H,JD,0.0030,0.4550,0.4480,0.0940
SIMJD6907H,JD,0.0050,0.9440,0.0050,0.0460
SIMJD6908H,JD,0.0160,0.9660,0.0100,0.0080
SIMJD6913H,JD,0.0030,0.9910,0.0030,0.0030
SIMJS6704H,JS,0.2140,0.7410,0.0110,0.0340
SIMJS6706H,JS,0.0150,0.9770,0.0030,0.0050
SIMJS6707H,JS,0.0100,0.8779,0.0080,0.1041
SIMJS6709H,JS,0.3287,0.6613,0.0050,0.0050
SIMJS6711H,JS,0.0529,0.8951,0.0310,0.0210
SIMJS6713H,JS,0.0100,0.9500,0.0260,0.0140
SIMJS6715H,JS,0.0050,0.9890,0.0020,0.0040
SIMJS6716H,JS,0.0160,0.8780,0.0700,0.0360
SIMJS6717H,JS,0.0090,0.9600,0.0240,0.0070
SIMJS6718H,JS,0.1930,0.7630,0.0180,0.0260
SIMJS6725H,JS,0.0150,0.9269,0.0400,0.0180
SIMJS6726H,JS,0.0290,0.9029,0.0240,0.0440
SIMJS6727H,JS,0.0819,0.6823,0.2258,0.0100
SIMJS6728H,JS,0.0230,0.3010,0.6460,0.0300
SIMPD7015H,PD,0.9840,0.0050,0.0070,0.0040
SIMPD7016H,PD,0.9150,0.0140,0.0460,0.0250
SIMPD7018H,PD,0.9680,0.0070,0.0180,0.0070
SIMPD7019H,PD,0.9760,0.0060,0.0090,0.0090
SIMPD7021H,PD,0.9920,0.0040,0.0020,0.0020
SIMPD7022H,PD,0.8060,0.0140,0.0100,0.1700
SIMPD7023H,PD,0.7390,0.0050,0.1390,0.1170
SIMPD7024H,PD,0.9420,0.0120,0.0080,0.0380
SIMPD7025H,PD,0.8780,0.0090,0.0610,0.0520
SIMPD7027H,PD,0.9760,0.0050,0.0140,0.0050
SIMPD7035H,PD,0.9130,0.0130,0.0070,0.0670
SIMPD7036H,PD,0.8190,0.0960,0.0710,0.0140
SIMPD7037H,PD,0.9790,0.0130,0.0040,0.0040
SIMPD7040H,PD,0.9820,0.0060,0.0050,0.0070
SIMPD7041H,PD,0.9430,0.0350,0.0060,0.0160
SIMPS6633H,PS,0.1670,0.0580,0.1770,0.5980
SIMPS6634H,PS,0.0100,0.1558,0.1459,0.6883
SIMPS6635H,PS,0.1430,0.0090,0.0380,0.8100
SIMPS6638H,PS,0.0050,0.0180,0.0030,0.9740
SIMPS6639H,PS,0.1170,0.0090,0.0440,0.8300
SIMPS6641H,PS,0.0700,0.0500,0.0770,0.8030
SIMPS6642H,PS,0.1350,0.0120,0.0600,0.7930
SIMPS6643H,PS,0.0100,0.0170,0.0100,0.9630
SIMPS6644H,PS,0.1440,0.0080,0.0120,0.8360
SIMPS6645H,PS,0.0260,0.0529,0.0260,0.8951
SIMPS6646H,PS,0.3060,0.0690,0.0400,0.5850
SIMPS6652H,PS,0.0170,0.0410,0.0280,0.9140
SIMPS6654H,PS,0.0270,0.0060,0.0540,0.9130
SIMPS6657H,PS,0.3660,0.0190,0.2230,0.3920
SIMPS6658H,PS,0.2580,0.0940,0.6100,0.0380
SIMPS6661H,PS,0.3764,0.0180,0.0070,0.5986
SIMWD6945H,WD,0.0050,0.0100,0.9620,0.0230
SIMWD6947H,WD,0.0130,0.0110,0.9620,0.0140
SIMWD6948H,WD,0.0050,0.0020,0.9890,0.0040
SIMWD6954H,WD,0.0150,0.0090,0.9620,0.0140
SIMWD6955H,WD,0.0230,0.0270,0.9341,0.0160
SIMWD6956H,WD,0.0280,0.0370,0.7480,0.1870
SIMWD6957H,WD,0.0130,0.0100,0.9680,0.0090
SIMWD6958H,WD,0.0280,0.0130,0.9540,0.0050
SIMWD6959H,WD,0.0050,0.0300,0.9401,0.0250
SIMWD6962H,WD,0.0110,0.0660,0.8670,0.0560
SIMWD6967H,WD,0.0819,0.0150,0.8851,0.0180
SIMWD6968H,WD,0.1732,0.3073,0.5045,0.0150
SIMWD6969H,WD,0.0370,0.0100,0.9440,0.0090
SIMWD6972H,WD,0.0080,0.0090,0.9760,0.0070
