AFMGD6799H,GD,0.0010,0.0030,0.9920,0.0020,0.0020
AFMGD6801H,GD,0.0030,0.0060,0.3660,0.1060,0.5190
AFMGD6802H,GD,0.0060,0.5410,0.2410,0.0140,0.1980
AFMGD6803H,GD,0.0020,0.1990,0.3520,0.1220,0.3250
AFMGD6804H,GD,0.0010,0.0030,0.0020,0.0010,0.9930
AFMGD6805H,GD,0.0260,0.2250,0.1710,0.5310,0.0470
AFMGD6812H,GD,0.0020,0.0050,0.6170,0.0420,0.3340
AFMGD6814H,GD,0.0010,0.0150,0.3050,0.1690,0.5100
AFMGD6818H,GD,0.0010,0.4920,0.2740,0.1360,0.0970
AFMGD6819H,GD,0.0020,0.1900,0.2490,0.0040,0.5550
AFMGD6820H,GD,0.0100,0.2600,0.1170,0.5080,0.1050
AFMGD6821H,GD,0.0470,0.3450,0.0390,0.4340,0.1350
AFMGD6822H,GD,0.0010,0.0020,0.0100,0.0020,0.9850
AFMGS6734H,GS,0.0010,0.0951,0.0030,0.8959,0.0050
AFMGS6735H,GS,0.0020,0.2450,0.0070,0.7430,0.0030
AFMGS6736H,GS,0.0010,0.1330,0.0230,0.8380,0.0050
AFMGS6737H,GS,0.0070,0.3800,0.0140,0.5710,0.0280
AFMGS6738H,GS,0.0010,0.1742,0.1772,0.6456,0.0020
AFMGS6739H,GS,0.0040,0.1892,0.0160,0.6096,0.1812
AFMGS6740H,GS,0.0020,0.2310,0.0090,0.7570,0.0010
AFMGS6743H,GS,0.0020,0.2330,0.0020,0.7620,0.0010
AFMGS6745H,GS,0.0030,0.4880,0.0020,0.5020,0.0050
AFMGS6747H,GS,0.0010,0.3080,0.0040,0.6690,0.0180
AFMGS6750H,GS,0.0010,0.2500,0.0030,0.7430,0.0030
AFMGS6751H,GS,0.0120,0.0050,0.0020,0.9389,0.0420
AFMGS6752H,GS,0.0010,0.0010,0.0020,0.9940,0.0020
AFMGS6755H,GS,0.0050,0.0640,0.0040,0.8030,0.1240
AFMGS6756H,GS,0.0010,0.4030,0.0040,0.5710,0.0210
AFMJD6855H,JD,0.0010,0.0090,0.9810,0.0050,0.0040
AFMJD6856H,JD,0.0010,0.0020,0.9720,0.0010,0.0240
AFMJD6857H,JD,0.0020,0.0090,0.6440,0.0780,0.2670
AFMJD6858H,JD,0.0140,0.1918,0.5445,0.2148,0.0350
AFMJD6859H,JD,0.0170,0.0040,0.3856,0.0030,0.5904
AFMJD6861H,JD,0.0020,0.0610,0.6400,0.1240,0.1730
AFMJD6864H,JD,0.0030,0.5040,0.1687,0.1058,0.2186
AFMJD6873H,JD,0.0070,0.3350,0.4320,0.0030,0.2230
AFMJD6875H,JD,0.0110,0.3453,0.1512,0.0911,0.4014
AFMJD6876H,JD,0.0040,0.2340,0.5800,0.0190,0.1630
AFMJD6877H,JD,0.0680,0.0660,0.6990,0.1090,0.0580
AFMJD6878H,JD,0.1660,0.0400,0.6960,0.0020,0.0960
AFMJS6675H,JS,0.0020,0.0030,0.0020,0.8621,0.1309
AFMJS6676H,JS,0.0030,0.1449,0.0050,0.8442,0.0030
AFMJS6678H,JS,0.0050,0.2280,0.0110,0.7510,0.0050
AFMJS6680H,JS,0.0060,0.0040,0.1190,0.7400,0.1310
AFMJS6681H,JS,0.0050,0.1860,0.0020,0.8040,0.0030
AFMJS6682H,JS,0.0030,0.2230,0.1260,0.5260,0.1220
AFMJS6683H,JS,0.0050,0.0200,0.0030,0.9590,0.0130
AFMJS6687H,JS,0.0110,0.1620,0.0040,0.7710,0.0520
AFMJS6694H,JS,0.0020,0.3500,0.0030,0.6410,0.0040
AFMJS6695H,JS,0.0020,0.0140,0.0340,0.9459,0.0040
AFMJS6696H,JS,0.0050,0.2020,0.0130,0.7760,0.0040
AFMJS6698H,JS,0.0010,0.0771,0.0020,0.6817,0.2382
AFMJS6700H,JS,0.0270,0.1900,0.0020,0.7440,0.0370
AFMJS6702H,JS,0.0050,0.1510,0.0370,0.6460,0.1610
AFMPD6983H,PD,0.1738,0.3147,0.0110,0.4625,0.0380
AFMPD6985H,PD,0.0020,0.1240,0.3520,0.1930,0.3290
AFMPD6986H,PD,0.0050,0.4530,0.0990,0.0040,0.4390
AFMPD6987H,PD,0.0020,0.0040,0.5684,0.0010,0.4246
AFMPD6988H,PD,0.0020,0.6230,0.0220,0.1160,0.2370
AFMPD6989H,PD,0.0400,0.0850,0.7150,0.1440,0.0160
AFMPD6990H,PD,0.0030,0.3203,0.1471,0.2382,0.2913
AFMPD6991H,PD,0.0100,0.2860,0.5510,0.0620,0.0910
AFMPD6992H,PD,0.1540,0.4450,0.0090,0.0920,0.3000
AFMPD6993H,PD,0.0500,0.3060,0.3880,0.1920,0.0640
AFMPD6995H,PD,0.0050,0.5520,0.0110,0.1330,0.2990
AFMPD6998H,PD,0.0190,0.2470,0.4760,0.1490,0.1090
AFMPD7000H,PD,0.0040,0.9800,0.0100,0.0020,0.0040
AFMPD7001H,PD,0.0020,0.4464,0.3764,0.1742,0.0010
AFMPD7005H,PD,0.1270,0.1810,0.2480,0.1090,0.3350
AFMPD7006H,PD,0.0040,0.2807,0.0390,0.1848,0.4915
AFMPS6602H,PS,0.0020,0.1508,0.0030,0.8372,0.0070
AFMPS6603H,PS,0.0010,0.0020,0.0010,0.9940,0.0020
AFMPS6608H,PS,0.0020,0.0040,0.0030,0.8150,0.1760
AFMPS6610H,PS,0.0010,0.0030,0.0020,0.9800,0.0140
AFMPS6612H,PS,0.0150,0.0040,0.0040,0.8940,0.0830
AFMPS6613H,PS,0.0110,0.1371,0.0971,0.7377,0.0170
AFMPS6618H,PS,0.1321,0.0170,0.0020,0.8378,0.0110
AFMPS6622H,PS,0.0070,0.0050,0.0020,0.9800,0.0060
AFMPS6623H,PS,0.0240,0.1410,0.0060,0.8260,0.0030
AFMPS6625H,PS,0.0040,0.2248,0.1109,0.6563,0.0040
AFMPS6626H,PS,0.1600,0.0870,0.0030,0.6820,0.0680
AFMPS6627H,PS,0.0170,0.0140,0.0030,0.9620,0.0040
AFMPX6982H,PD,0.0720,0.4880,0.2490,0.0700,0.1210
AFMWD6915H,WD,0.4555,0.1648,0.1648,0.0070,0.2078
AFMWD6916H,WD,0.5990,0.1650,0.0350,0.0620,0.1390
AFMWD6917H,WD,0.7558,0.2092,0.0130,0.0160,0.0060
AFMWD6918H,WD,0.6354,0.2088,0.1009,0.0350,0.0200
AFMWD6919H,WD,0.7710,0.0320,0.0050,0.0400,0.1520
AFMWD6920H,WD,0.0070,0.9490,0.0040,0.0100,0.0300
AFMWD6921H,WD,0.6827,0.2593,0.0030,0.0020,0.0531
AFMWD6922H,WD,0.6890,0.0140,0.2620,0.0300,0.0050
AFMWD6923H,WD,0.5400,0.2420,0.0040,0.0030,0.2110
AFMWD6924H,WD,0.9710,0.0060,0.0050,0.0130,0.0050
AFMWD6926H,WD,0.0050,0.5280,0.1690,0.0040,0.2940
AFMWD6933H,WD,0.7592,0.1748,0.0080,0.0050,0.0529
AFMWD6935H,WD,0.9930,0.0010,0.0030,0.0010,0.0020
AFMWD6936H,WD,0.3010,0.6680,0.0070,0.0030,0.0210
