AFMGD6799H,GD,0.0010,0.9960,0.0010,0.0010,0.0000,0.0010
AFMGD6801H,GD,0.2210,0.0330,0.0340,0.0020,0.0030,0.7070
AFMGD6802H,GD,0.0210,0.0641,0.0040,0.6496,0.0020,0.2593
AFMGD6803H,GD,0.2817,0.0050,0.0380,0.2887,0.0010,0.3856
AFMGD6804H,GD,0.0020,0.0010,0.0010,0.0020,0.0010,0.9930
AFMGD6805H,GD,0.1882,0.0130,0.5195,0.2422,0.0070,0.0300
AFMGD6812H,GD,0.4625,0.0260,0.0310,0.0070,0.0010,0.4725
AFMGD6814H,GD,0.0420,0.0640,0.1560,0.0140,0.0010,0.7230
AFMGD6818H,GD,0.2660,0.0010,0.1210,0.5950,0.0010,0.0160
AFMGD6819H,GD,0.2733,0.0010,0.0050,0.1351,0.0020,0.5836
AFMGD6820H,GD,0.0510,0.0140,0.5080,0.3030,0.0070,0.1170
AFMGD6821H,GD,0.0040,0.0940,0.3920,0.3150,0.0430,0.1520
AFMGD6822H,GD,0.0180,0.0010,0.0020,0.0030,0.0010,0.9750
AFMGS6734H,GS,0.0080,0.0010,0.8810,0.1070,0.0010,0.0020
AFMGS6735H,GS,0.0060,0.0040,0.7197,0.2673,0.0010,0.0020
AFMGS6736H,GS,0.0530,0.0040,0.7940,0.1450,0.0010,0.0030
AFMGS6737H,GS,0.0020,0.1171,0.5846,0.2563,0.0040,0.0360
AFMGS6738H,GS,0.0821,0.0490,0.6557,0.2102,0.0010,0.0020
AFMGS6739H,GS,0.0020,0.0020,0.5600,0.3120,0.0040,0.1200
AFMGS6740H,GS,0.0230,0.0010,0.7157,0.2573,0.0020,0.0010
AFMGS6743H,GS,0.0010,0.0040,0.7320,0.2600,0.0020,0.0010
AFMGS6745H,GS,0.0030,0.0020,0.5340,0.4540,0.0020,0.0050
AFMGS6747H,GS,0.0120,0.0010,0.6683,0.3067,0.0010,0.0110
AFMGS6750H,GS,0.0010,0.0020,0.6977,0.2963,0.0010,0.0020
AFMGS6751H,GS,0.0030,0.0010,0.9430,0.0040,0.0020,0.0470
AFMGS6752H,GS,0.0020,0.0010,0.9940,0.0010,0.0010,0.0010
AFMGS6755H,GS,0.0020,0.0230,0.7938,0.1381,0.0040,0.0390
AFMGS6756H,GS,0.0020,0.0050,0.4780,0.5090,0.0010,0.0050
AFMJD6855H,JD,0.9570,0.0140,0.0030,0.0200,0.0010,0.0050
AFMJD6856H,JD,0.9940,0.0020,0.0010,0.0010,0.0010,0.0010
AFMJD6857H,JD,0.2503,0.2963,0.0340,0.0190,0.0010,0.3994
AFMJD6858H,JD,0.2490,0.2830,0.2040,0.1950,0.0150,0.0540
AFMJD6859H,JD,0.0310,0.2340,0.0020,0.0030,0.0100,0.7200
AFMJD6861H,JD,0.6076,0.0090,0.0641,0.0961,0.0020,0.2212
AFMJD6864H,JD,0.0050,0.1230,0.0950,0.4260,0.0020,0.3490
AFMJD6873H,JD,0.0550,0.2120,0.0020,0.3040,0.0110,0.4160
AFMJD6875H,JD,0.0290,0.0230,0.0879,0.3027,0.0060,0.5514
AFMJD6876H,JD,0.5600,0.0040,0.0120,0.2610,0.0020,0.1610
AFMJD6877H,JD,0.6970,0.0030,0.0550,0.1080,0.0270,0.1100
AFMJD6878H,JD,0.6670,0.0720,0.0010,0.0570,0.1590,0.0440
AFMJS6675H,JS,0.0010,0.0010,0.8760,0.0020,0.0010,0.1190
AFMJS6676H,JS,0.0060,0.0020,0.8170,0.1700,0.0030,0.0020
AFMJS6678H,JS,0.0030,0.0130,0.6840,0.2920,0.0040,0.0040
AFMJS6680H,JS,0.0490,0.0080,0.7360,0.0020,0.0060,0.1990
AFMJS6681H,JS,0.0010,0.0160,0.8068,0.1712,0.0030,0.0020
AFMJS6682H,JS,0.0290,0.0020,0.4895,0.3053,0.0020,0.1722
AFMJS6683H,JS,0.0020,0.0010,0.9600,0.0170,0.0060,0.0140
AFMJS6687H,JS,0.0020,0.0030,0.7678,0.1612,0.0080,0.0581
AFMJS6694H,JS,0.0060,0.0020,0.7220,0.2650,0.0010,0.0040
AFMJS6695H,JS,0.0220,0.0100,0.9460,0.0140,0.0020,0.0060
AFMJS6696H,JS,0.0100,0.0040,0.7810,0.1980,0.0040,0.0030
AFMJS6698H,JS,0.0010,0.0020,0.6727,0.0981,0.0010,0.2252
AFMJS6700H,JS,0.0020,0.0010,0.7732,0.1648,0.0310,0.0280
AFMJS6702H,JS,0.0070,0.0020,0.6570,0.0740,0.0060,0.2540
AFMPD6983H,PD,0.0170,0.0050,0.4765,0.3083,0.1702,0.0230
AFMPD6985H,PD,0.0440,0.1698,0.1758,0.0110,0.0020,0.5974
AFMPD6986H,PD,0.0070,0.0940,0.0030,0.3880,0.0040,0.5040
AFMPD6987H,PD,0.4162,0.0230,0.0010,0.0020,0.0020,0.5559
AFMPD6988H,PD,0.0020,0.0010,0.0290,0.6617,0.0010,0.3053
AFMPD6989H,PD,0.0050,0.7117,0.1251,0.0080,0.0160,0.1341
AFMPD6990H,PD,0.0060,0.0711,0.1972,0.3143,0.0020,0.4094
AFMPD6991H,PD,0.2747,0.2517,0.0649,0.2837,0.0080,0.1169
AFMPD6992H,PD,0.0020,0.0060,0.0599,0.4565,0.1648,0.3107
AFMPD6993H,PD,0.3330,0.0610,0.1920,0.3070,0.0710,0.0360
AFMPD6995H,PD,0.0070,0.0030,0.1110,0.4920,0.0040,0.3830
AFMPD6998H,PD,0.0619,0.3363,0.1607,0.2515,0.0220,0.1677
AFMPD7000H,PD,0.0060,0.0080,0.0020,0.9700,0.0110,0.0030
AFMPD7001H,PD,0.1310,0.2130,0.1690,0.4840,0.0010,0.0020
AFMPD7005H,PD,0.1620,0.0160,0.0900,0.1850,0.1080,0.4390
AFMPD7006H,PD,0.0050,0.0040,0.0799,0.3417,0.0040,0.5654
AFMPS6602H,PS,0.0020,0.0030,0.8392,0.1479,0.0020,0.0060
AFMPS6603H,PS,0.0020,0.0010,0.9920,0.0020,0.0010,0.0020
AFMPS6608H,PS,0.0020,0.0020,0.8500,0.0050,0.0020,0.1390
AFMPS6610H,PS,0.0010,0.0110,0.9800,0.0030,0.0010,0.0040
AFMPS6612H,PS,0.0020,0.0020,0.9020,0.0040,0.0160,0.0740
AFMPS6613H,PS,0.0040,0.0920,0.6970,0.1820,0.0070,0.0180
AFMPS6618H,PS,0.0020,0.0010,0.8450,0.0030,0.1010,0.0480
AFMPS6622H,PS,0.0020,0.0040,0.9820,0.0030,0.0050,0.0040
AFMPS6623H,PS,0.0020,0.0340,0.8100,0.1380,0.0110,0.0050
AFMPS6625H,PS,0.0030,0.0851,0.6276,0.2753,0.0040,0.0050
AFMPS6626H,PS,0.0020,0.0020,0.6930,0.1090,0.1600,0.0340
AFMPS6627H,PS,0.0030,0.0010,0.9780,0.0050,0.0090,0.0040
AFMPX6982H,PD,0.0170,0.1660,0.0250,0.4800,0.1120,0.2000
AFMWD6915H,WD,0.0671,0.0230,0.0050,0.1752,0.5225,0.2072
AFMWD6916H,WD,0.0200,0.0040,0.0500,0.1750,0.6120,0.1390
AFMWD6917H,WD,0.0050,0.0110,0.0080,0.2030,0.7700,0.0030
AFMWD6918H,WD,0.0040,0.1039,0.0440,0.1798,0.6563,0.0120
AFMWD6919H,WD,0.0020,0.0060,0.0550,0.0170,0.7880,0.1320
AFMWD6920H,WD,0.0030,0.0010,0.0100,0.9461,0.0120,0.0280
AFMWD6921H,WD,0.0020,0.0020,0.0020,0.2410,0.7410,0.0120
AFMWD6922H,WD,0.2470,0.0040,0.0260,0.0100,0.7090,0.0040
AFMWD6923H,WD,0.0030,0.0020,0.0020,0.1830,0.6380,0.1720
AFMWD6924H,WD,0.0100,0.0010,0.0170,0.0080,0.9600,0.0040
AFMWD6926H,WD,0.2320,0.0010,0.0030,0.5530,0.0030,0.2080
AFMWD6933H,WD,0.0030,0.0410,0.0040,0.1011,0.8218,0.0290
AFMWD6935H,WD,0.0090,0.0010,0.0010,0.0010,0.9860,0.0020
AFMWD6936H,WD,0.0120,0.0110,0.0030,0.6264,0.3397,0.0080
