AFMGD6799H,GD,0.0010,0.0010,0.9950,0.0010,0.0010,0.0000,0.0010
AFMGD6801H,GD,0.2793,0.0030,0.0531,0.0460,0.0400,0.0040,0.5746
AFMGD6802H,GD,0.1540,0.5710,0.0240,0.1940,0.0010,0.0030,0.0530
AFMGD6803H,GD,0.3207,0.2028,0.0040,0.1149,0.0350,0.0020,0.3207
AFMGD6804H,GD,0.0030,0.0020,0.0010,0.0010,0.0010,0.0010,0.9910
AFMGD6805H,GD,0.1828,0.0659,0.0050,0.2997,0.3447,0.0080,0.0939
AFMGD6812H,GD,0.5395,0.0050,0.0120,0.0260,0.0270,0.0010,0.3896
AFMGD6814H,GD,0.1700,0.0130,0.0870,0.0070,0.1630,0.0010,0.5590
AFMGD6818H,GD,0.3107,0.5275,0.0020,0.0060,0.1469,0.0010,0.0060
AFMGD6819H,GD,0.2503,0.2162,0.0010,0.0020,0.0090,0.0020,0.5195
AFMGD6820H,GD,0.0270,0.2268,0.0120,0.3307,0.2557,0.0080,0.1399
AFMGD6821H,GD,0.0060,0.2900,0.0740,0.1340,0.3340,0.0230,0.1390
AFMGD6822H,GD,0.0370,0.0030,0.0010,0.0040,0.0010,0.0010,0.9530
AFMGS6734H,GS,0.0090,0.0611,0.0010,0.1722,0.7528,0.0010,0.0030
AFMGS6735H,GS,0.0050,0.2068,0.0070,0.1339,0.6434,0.0020,0.0020
AFMGS6736H,GS,0.0050,0.0020,0.0020,0.9840,0.0040,0.0010,0.0020
AFMGS6737H,GS,0.0030,0.1041,0.0611,0.4434,0.2933,0.0080,0.0871
AFMGS6738H,GS,0.0450,0.1740,0.0600,0.3870,0.3310,0.0010,0.0020
AFMGS6739H,GS,0.0020,0.0200,0.0020,0.7500,0.0310,0.0030,0.1920
AFMGS6740H,GS,0.0250,0.0560,0.0020,0.4890,0.4250,0.0020,0.0010
AFMGS6743H,GS,0.0010,0.0080,0.0020,0.7758,0.2112,0.0010,0.0010
AFMGS6745H,GS,0.0020,0.3920,0.0020,0.1830,0.4120,0.0020,0.0070
AFMGS6747H,GS,0.0240,0.0420,0.0010,0.6920,0.1820,0.0010,0.0580
AFMGS6750H,GS,0.0020,0.0070,0.0030,0.8030,0.1800,0.0010,0.0040
AFMGS6751H,GS,0.0090,0.0090,0.0010,0.1360,0.8280,0.0050,0.0120
AFMGS6752H,GS,0.0010,0.0010,0.0010,0.3604,0.6346,0.0010,0.0010
AFMGS6755H,GS,0.0020,0.0490,0.0180,0.3800,0.5020,0.0050,0.0440
AFMGS6756H,GS,0.0020,0.1220,0.0040,0.8430,0.0050,0.0010,0.0230
AFMJD6855H,JD,0.9530,0.0070,0.0080,0.0250,0.0020,0.0010,0.0040
AFMJD6856H,JD,0.9920,0.0010,0.0020,0.0010,0.0010,0.0010,0.0020
AFMJD6857H,JD,0.2657,0.0080,0.2867,0.0140,0.0819,0.0020,0.3417
AFMJD6858H,JD,0.2450,0.1580,0.2870,0.1780,0.0700,0.0140,0.0480
AFMJD6859H,JD,0.1179,0.0120,0.2168,0.0010,0.0050,0.0180,0.6294
AFMJD6861H,JD,0.6070,0.0390,0.0200,0.1280,0.0140,0.0020,0.1900
AFMJD6864H,JD,0.0100,0.3564,0.1081,0.2172,0.0100,0.0030,0.2953
AFMJD6873H,JD,0.1410,0.3110,0.2150,0.0040,0.0020,0.0050,0.3220
AFMJD6875H,JD,0.0490,0.3580,0.0320,0.0140,0.0730,0.0090,0.4650
AFMJD6876H,JD,0.5694,0.2318,0.0030,0.0989,0.0040,0.0020,0.0909
AFMJD6877H,JD,0.7107,0.0501,0.0050,0.0360,0.0921,0.0390,0.0671
AFMJD6878H,JD,0.6797,0.0220,0.0591,0.0040,0.0020,0.1802,0.0531
AFMJS6675H,JS,0.0010,0.0020,0.0020,0.0050,0.8599,0.0010,0.1291
AFMJS6676H,JS,0.0050,0.0090,0.0020,0.4935,0.4855,0.0030,0.0020
AFMJS6678H,JS,0.0030,0.0030,0.0030,0.9860,0.0020,0.0010,0.0020
AFMJS6680H,JS,0.0450,0.0020,0.0110,0.5085,0.2867,0.0060,0.1409
AFMJS6681H,JS,0.0010,0.0770,0.0140,0.4100,0.4900,0.0050,0.0030
AFMJS6682H,JS,0.1960,0.0340,0.0020,0.6210,0.0370,0.0040,0.1060
AFMJS6683H,JS,0.0020,0.0040,0.0010,0.1522,0.8248,0.0040,0.0120
AFMJS6687H,JS,0.0020,0.0691,0.0030,0.5261,0.3637,0.0060,0.0301
AFMJS6694H,JS,0.0050,0.1540,0.0020,0.5510,0.2820,0.0010,0.0050
AFMJS6695H,JS,0.0120,0.0100,0.0100,0.2810,0.6820,0.0020,0.0030
AFMJS6696H,JS,0.0110,0.0850,0.0020,0.5560,0.3380,0.0040,0.0040
AFMJS6698H,JS,0.0020,0.0050,0.0020,0.3946,0.3457,0.0010,0.2498
AFMJS6700H,JS,0.0020,0.0930,0.0010,0.3850,0.4570,0.0200,0.0420
AFMJS6702H,JS,0.0250,0.0420,0.0020,0.1962,0.4835,0.0030,0.2482
AFMPD6983H,PD,0.0050,0.2358,0.0030,0.4156,0.1429,0.1678,0.0300
AFMPD6985H,PD,0.1371,0.0801,0.1321,0.0040,0.2172,0.0020,0.4274
AFMPD6986H,PD,0.0070,0.4410,0.0910,0.0040,0.0040,0.0100,0.4430
AFMPD6987H,PD,0.4695,0.0060,0.0929,0.0010,0.0010,0.0020,0.4276
AFMPD6988H,PD,0.0120,0.6693,0.0010,0.1798,0.0070,0.0010,0.1299
AFMPD6989H,PD,0.0030,0.0040,0.6850,0.1650,0.0060,0.0260,0.1110
AFMPD6990H,PD,0.0190,0.2680,0.0710,0.2490,0.0310,0.0030,0.3590
AFMPD6991H,PD,0.2743,0.2222,0.2663,0.1261,0.0110,0.0060,0.0941
AFMPD6992H,PD,0.0030,0.4046,0.0070,0.1079,0.0340,0.1558,0.2877
AFMPD6993H,PD,0.3257,0.2468,0.0649,0.1069,0.1469,0.0410,0.0679
AFMPD6995H,PD,0.0180,0.5175,0.0030,0.0899,0.0539,0.0040,0.3137
AFMPD6998H,PD,0.0860,0.2290,0.3410,0.0780,0.1080,0.0200,0.1380
AFMPD7000H,PD,0.0030,0.9840,0.0060,0.0020,0.0020,0.0010,0.0020
AFMPD7001H,PD,0.1090,0.3050,0.1940,0.3840,0.0050,0.0010,0.0020
AFMPD7005H,PD,0.1940,0.0870,0.0120,0.1650,0.0180,0.1380,0.3860
AFMPD7006H,PD,0.0060,0.3040,0.0100,0.0580,0.0960,0.0030,0.5230
AFMPS6602H,PS,0.0020,0.0761,0.0040,0.3113,0.6016,0.0010,0.0040
AFMPS6603H,PS,0.0010,0.0020,0.0010,0.1670,0.8260,0.0010,0.0020
AFMPS6608H,PS,0.0030,0.0100,0.0030,0.0950,0.7480,0.0020,0.1390
AFMPS6610H,PS,0.0020,0.0020,0.0130,0.3720,0.6050,0.0010,0.0050
AFMPS6612H,PS,0.0040,0.0080,0.0030,0.0040,0.9500,0.0030,0.0280
AFMPS6613H,PS,0.0060,0.0609,0.1069,0.1928,0.6084,0.0070,0.0180
AFMPS6618H,PS,0.0080,0.0080,0.0010,0.0070,0.8560,0.0650,0.0550
AFMPS6622H,PS,0.0020,0.0020,0.0030,0.0990,0.8880,0.0030,0.0030
AFMPS6623H,PS,0.0020,0.0500,0.0200,0.3780,0.5360,0.0110,0.0030
AFMPS6625H,PS,0.0030,0.1880,0.0850,0.3190,0.3980,0.0040,0.0030
AFMPS6626H,PS,0.0020,0.0180,0.0020,0.2940,0.4630,0.1610,0.0600
AFMPS6627H,PS,0.0030,0.0040,0.0010,0.2750,0.7070,0.0060,0.0040
AFMPX6982H,PD,0.0140,0.3814,0.1732,0.2092,0.0040,0.0571,0.1612
AFMWD6915H,WD,0.0880,0.1190,0.0390,0.0260,0.0040,0.4920,0.2320
AFMWD6916H,WD,0.0490,0.1880,0.0090,0.0130,0.0650,0.6030,0.0730
AFMWD6917H,WD,0.0070,0.1520,0.0230,0.0150,0.0150,0.7830,0.0050
AFMWD6918H,WD,0.0030,0.0781,0.0981,0.1832,0.0020,0.6146,0.0210
AFMWD6919H,WD,0.0020,0.0060,0.0140,0.0280,0.0140,0.7710,0.1650
AFMWD6920H,WD,0.0060,0.9201,0.0020,0.0509,0.0060,0.0040,0.0110
AFMWD6921H,WD,0.0020,0.2640,0.0020,0.0020,0.0020,0.7020,0.0260
AFMWD6922H,WD,0.2465,0.0050,0.0050,0.0200,0.0120,0.7066,0.0050
AFMWD6923H,WD,0.0040,0.1752,0.0020,0.0070,0.0020,0.5956,0.2142
AFMWD6924H,WD,0.0100,0.0050,0.0010,0.0050,0.0160,0.9600,0.0030
AFMWD6926H,WD,0.2577,0.4426,0.0020,0.0679,0.0030,0.0040,0.2228
AFMWD6933H,WD,0.0030,0.1109,0.0390,0.0280,0.0020,0.7502,0.0669
AFMWD6935H,WD,0.0130,0.0010,0.0010,0.0010,0.0020,0.9810,0.0010
AFMWD6936H,WD,0.0040,0.6990,0.0060,0.0020,0.0050,0.2790,0.0050
