AFMGD6799H,GD,0.0010,0.0028,0.9962
AFMGD6801H,GD,0.0058,0.1661,0.8281
AFMGD6802H,GD,0.0073,0.1321,0.8606
AFMGD6803H,GD,0.0019,0.2138,0.7843
AFMGD6804H,GD,0.0458,0.0025,0.9517
AFMGD6805H,GD,0.0170,0.6546,0.3284
AFMGD6812H,GD,0.0014,0.0650,0.9336
AFMGD6814H,GD,0.0012,0.2141,0.7847
AFMGD6818H,GD,0.0019,0.2491,0.7491
AFMGD6819H,GD,0.0073,0.1430,0.8497
AFMGD6820H,GD,0.0133,0.6252,0.3615
AFMGD6821H,GD,0.0701,0.5422,0.3877
AFMGD6822H,GD,0.0029,0.0033,0.9938
AFMGS6734H,GS,0.0011,0.9858,0.0131
AFMGS6735H,GS,0.0025,0.8850,0.1125
AFMGS6736H,GS,0.0010,0.9913,0.0077
AFMGS6737H,GS,0.0309,0.7802,0.1889
AFMGS6738H,GS,0.0013,0.7754,0.2233
AFMGS6739H,GS,0.0416,0.8541,0.1043
AFMGS6740H,GS,0.0039,0.9874,0.0087
AFMGS6743H,GS,0.0028,0.9951,0.0021
AFMGS6745H,GS,0.0078,0.8299,0.1623
AFMGS6747H,GS,0.0011,0.8916,0.1073
AFMGS6750H,GS,0.0011,0.9948,0.0041
AFMGS6751H,GS,0.0057,0.9854,0.0089
AFMGS6752H,GS,0.0010,0.9979,0.0011
AFMGS6755H,GS,0.0039,0.9852,0.0109
AFMGS6756H,GS,0.0010,0.8935,0.1055
AFMJD6855H,JD,0.0010,0.0069,0.9921
AFMJD6856H,JD,0.0010,0.0010,0.9980
AFMJD6857H,JD,0.0011,0.0560,0.9429
AFMJD6858H,JD,0.0155,0.2876,0.6969
AFMJD6859H,JD,0.0703,0.0051,0.9246
AFMJD6861H,JD,0.0021,0.1452,0.8527
AFMJD6864H,JD,0.0062,0.3189,0.6749
AFMJD6873H,JD,0.0139,0.0037,0.9824
AFMJD6875H,JD,0.0332,0.2020,0.7648
AFMJD6876H,JD,0.0042,0.1049,0.8909
AFMJD6877H,JD,0.0477,0.1106,0.8417
AFMJD6878H,JD,0.1480,0.0022,0.8498
AFMJS6675H,JS,0.0020,0.9920,0.0060
AFMJS6676H,JS,0.0055,0.9915,0.0030
AFMJS6678H,JS,0.0058,0.9790,0.0152
AFMJS6680H,JS,0.0051,0.8040,0.1909
AFMJS6681H,JS,0.0148,0.9794,0.0058
AFMJS6682H,JS,0.0027,0.6535,0.3438
AFMJS6683H,JS,0.0034,0.9941,0.0025
AFMJS6687H,JS,0.0371,0.9483,0.0146
AFMJS6694H,JS,0.0018,0.9836,0.0146
AFMJS6695H,JS,0.0020,0.9925,0.0055
AFMJS6696H,JS,0.0186,0.9443,0.0371
AFMJS6698H,JS,0.0018,0.7932,0.2050
AFMJS6700H,JS,0.0583,0.9338,0.0079
AFMJS6702H,JS,0.0066,0.8034,0.1900
AFMPD6983H,PD,0.1851,0.6155,0.1995
AFMPD6985H,PD,0.0020,0.2242,0.7738
AFMPD6986H,PD,0.1648,0.0609,0.7744
AFMPD6987H,PD,0.0026,0.0010,0.9964
AFMPD6988H,PD,0.0019,0.3515,0.6466
AFMPD6989H,PD,0.0307,0.1843,0.7850
AFMPD6990H,PD,0.0061,0.3873,0.6066
AFMPD6991H,PD,0.0084,0.1724,0.8192
AFMPD6992H,PD,0.2100,0.2479,0.5420
AFMPD6993H,PD,0.0697,0.3072,0.6231
AFMPD6995H,PD,0.0261,0.3303,0.6436
AFMPD6998H,PD,0.0403,0.2486,0.7111
AFMPD7000H,PD,0.1849,0.1883,0.6268
AFMPD7001H,PD,0.0020,0.3703,0.6277
AFMPD7005H,PD,0.1518,0.2088,0.6394
AFMPD7006H,PD,0.0253,0.3265,0.6482
AFMPS6602H,PS,0.0010,0.9957,0.0033
AFMPS6603H,PS,0.0010,0.9978,0.0012
AFMPS6608H,PS,0.0020,0.9912,0.0068
AFMPS6610H,PS,0.0010,0.9970,0.0020
AFMPS6612H,PS,0.0252,0.9701,0.0047
AFMPS6613H,PS,0.0294,0.8685,0.1021
AFMPS6618H,PS,0.0989,0.8984,0.0027
AFMPS6622H,PS,0.0032,0.9941,0.0027
AFMPS6623H,PS,0.0172,0.9751,0.0077
AFMPS6625H,PS,0.0053,0.8050,0.1897
AFMPS6626H,PS,0.1670,0.8260,0.0070
AFMPS6627H,PS,0.0046,0.9929,0.0025
AFMPX6982H,PD,0.1233,0.2733,0.6034
AFMWD6915H,WD,0.5416,0.0165,0.4419
AFMWD6916H,WD,0.6245,0.1180,0.2575
AFMWD6917H,WD,0.8366,0.0427,0.1207
AFMWD6918H,WD,0.6311,0.1283,0.2406
AFMWD6919H,WD,0.7870,0.1693,0.0437
AFMWD6920H,WD,0.2814,0.2592,0.4594
AFMWD6921H,WD,0.8595,0.0048,0.1357
AFMWD6922H,WD,0.6824,0.0268,0.2908
AFMWD6923H,WD,0.7200,0.0059,0.2741
AFMWD6924H,WD,0.9638,0.0251,0.0111
AFMWD6926H,WD,0.0838,0.2088,0.7074
AFMWD6933H,WD,0.8872,0.0282,0.0846
AFMWD6935H,WD,0.9969,0.0010,0.0021
AFMWD6936H,WD,0.4507,0.0383,0.5110
